100 2.23576e-37 1.17315e-37 2.23576e-37 1.17315e-37 2.23576e-37 1.17315e-37 
103.276 2.30676e-37 1.21169e-37 2.30676e-37 1.21169e-37 2.30676e-37 1.21169e-37 
106.66 2.38003e-37 1.2515e-37 2.38003e-37 1.2515e-37 2.38003e-37 1.2515e-37 
110.154 2.45562e-37 1.29261e-37 2.45562e-37 1.29261e-37 2.45562e-37 1.29261e-37 
113.763 2.53362e-37 1.33509e-37 2.53362e-37 1.33509e-37 2.53362e-37 1.33509e-37 
117.49 2.61411e-37 1.37896e-37 2.61411e-37 1.37896e-37 2.61411e-37 1.37896e-37 
121.339 2.69716e-37 1.42427e-37 2.69716e-37 1.42427e-37 2.69716e-37 1.42427e-37 
125.314 2.78285e-37 1.47108e-37 2.78285e-37 1.47108e-37 2.78285e-37 1.47108e-37 
129.42 2.87127e-37 1.51944e-37 2.87127e-37 1.51944e-37 2.87127e-37 1.51944e-37 
133.66 2.9625e-37 1.56938e-37 2.9625e-37 1.56938e-37 2.9625e-37 1.56938e-37 
138.038 3.05664e-37 1.62097e-37 3.05664e-37 1.62097e-37 3.05664e-37 1.62097e-37 
142.561 3.15377e-37 1.67426e-37 3.15377e-37 1.67426e-37 3.15377e-37 1.67426e-37 
147.231 3.25398e-37 1.7293e-37 3.25398e-37 1.7293e-37 3.25398e-37 1.7293e-37 
152.055 3.35739e-37 1.78615e-37 3.35739e-37 1.78615e-37 3.35739e-37 1.78615e-37 
157.036 3.46408e-37 1.84489e-37 3.46408e-37 1.84489e-37 3.46408e-37 1.84489e-37 
162.181 3.57416e-37 1.90555e-37 3.57416e-37 1.90555e-37 3.57416e-37 1.90555e-37 
167.494 3.68774e-37 1.9682e-37 3.68774e-37 1.9682e-37 3.68774e-37 1.9682e-37 
172.982 3.80493e-37 2.03292e-37 3.80493e-37 2.03292e-37 3.80493e-37 2.03292e-37 
178.649 3.92583e-37 2.09977e-37 3.92583e-37 2.09977e-37 3.92583e-37 2.09977e-37 
184.502 4.05057e-37 2.16882e-37 4.05057e-37 2.16882e-37 4.05057e-37 2.16882e-37 
190.546 4.17927e-37 2.24014e-37 4.17927e-37 2.24014e-37 4.17927e-37 2.24014e-37 
196.789 4.31205e-37 2.3138e-37 4.31205e-37 2.3138e-37 4.31205e-37 2.3138e-37 
203.236 4.44904e-37 2.38989e-37 4.44904e-37 2.38989e-37 4.44904e-37 2.38989e-37 
209.894 4.59038e-37 2.46847e-37 4.59038e-37 2.46847e-37 4.59038e-37 2.46847e-37 
216.77 4.73619e-37 2.54964e-37 4.73619e-37 2.54964e-37 4.73619e-37 2.54964e-37 
223.872 4.88662e-37 2.63348e-37 4.88662e-37 2.63348e-37 4.88662e-37 2.63348e-37 
231.206 5.04179e-37 2.72007e-37 5.04179e-37 2.72007e-37 5.04179e-37 2.72007e-37 
238.781 5.2019e-37 2.80951e-37 5.2019e-37 2.80951e-37 5.2019e-37 2.80951e-37 
246.604 5.36707e-37 2.90188e-37 5.36707e-37 2.90188e-37 5.36707e-37 2.90188e-37 
254.683 5.53746e-37 2.99728e-37 5.53746e-37 2.99728e-37 5.53746e-37 2.99728e-37 
263.027 5.71321e-37 3.09581e-37 5.71321e-37 3.09581e-37 5.71321e-37 3.09581e-37 
271.644 5.89453e-37 3.19757e-37 5.89453e-37 3.19757e-37 5.89453e-37 3.19757e-37 
280.543 6.08157e-37 3.30267e-37 6.08157e-37 3.30267e-37 6.08157e-37 3.30267e-37 
289.734 6.2745e-37 3.41122e-37 6.2745e-37 3.41122e-37 6.2745e-37 3.41122e-37 
299.226 6.47351e-37 3.52333e-37 6.47351e-37 3.52333e-37 6.47351e-37 3.52333e-37 
309.03 6.6788e-37 3.63911e-37 6.6788e-37 3.63911e-37 6.6788e-37 3.63911e-37 
319.154 6.89054e-37 3.75868e-37 6.89054e-37 3.75868e-37 6.89054e-37 3.75868e-37 
329.61 7.10895e-37 3.88216e-37 7.10895e-37 3.88216e-37 7.10895e-37 3.88216e-37 
340.408 7.33427e-37 4.00968e-37 7.33427e-37 4.00968e-37 7.33427e-37 4.00968e-37 
351.56 7.56661e-37 4.14137e-37 7.56661e-37 4.14137e-37 7.56661e-37 4.14137e-37 
363.078 7.80621e-37 4.27737e-37 7.80621e-37 4.27737e-37 7.80621e-37 4.27737e-37 
374.973 8.05336e-37 4.41782e-37 8.05336e-37 4.41782e-37 8.05336e-37 4.41782e-37 
387.258 8.30825e-37 4.56285e-37 8.30825e-37 4.56285e-37 8.30825e-37 4.56285e-37 
399.945 8.57114e-37 4.71262e-37 8.57114e-37 4.71262e-37 8.57114e-37 4.71262e-37 
413.048 8.84224e-37 4.86727e-37 8.84224e-37 4.86727e-37 8.84224e-37 4.86727e-37 
426.58 9.12182e-37 5.02698e-37 9.12182e-37 5.02698e-37 9.12182e-37 5.02698e-37 
440.555 9.41013e-37 5.19188e-37 9.41013e-37 5.19188e-37 9.41013e-37 5.19188e-37 
454.988 9.70743e-37 5.36216e-37 9.70743e-37 5.36216e-37 9.70743e-37 5.36216e-37 
469.894 1.0014e-36 5.53798e-37 1.0014e-36 5.53798e-37 1.0014e-36 5.53798e-37 
485.289 1.03301e-36 5.71953e-37 1.03301e-36 5.71953e-37 1.03301e-36 5.71953e-37 
501.187 1.06561e-36 5.90698e-37 1.06561e-36 5.90698e-37 1.06561e-36 5.90698e-37 
517.607 1.09921e-36 6.10052e-37 1.09921e-36 6.10052e-37 1.09921e-36 6.10052e-37 
534.564 1.13386e-36 6.30034e-37 1.13386e-36 6.30034e-37 1.13386e-36 6.30034e-37 
552.077 1.16959e-36 6.50665e-37 1.16959e-36 6.50665e-37 1.16959e-36 6.50665e-37 
570.164 1.20642e-36 6.71968e-37 1.20642e-36 6.71968e-37 1.20642e-36 6.71968e-37 
588.844 1.24439e-36 6.93958e-37 1.24439e-36 6.93958e-37 1.24439e-36 6.93958e-37 
608.135 1.28352e-36 7.16661e-37 1.28352e-36 7.16661e-37 1.28352e-36 7.16661e-37 
628.058 1.32387e-36 7.40099e-37 1.32387e-36 7.40099e-37 1.32387e-36 7.40099e-37 
648.634 1.36546e-36 7.64296e-37 1.36546e-36 7.64296e-37 1.36546e-36 7.64296e-37 
669.885 1.40834e-36 7.89274e-37 1.40834e-36 7.89274e-37 1.40834e-36 7.89274e-37 
691.831 1.45252e-36 8.15058e-37 1.45252e-36 8.15058e-37 1.45252e-36 8.15058e-37 
714.496 1.49806e-36 8.41675e-37 1.49806e-36 8.41675e-37 1.49806e-36 8.41675e-37 
737.904 1.545e-36 8.69149e-37 1.545e-36 8.69149e-37 1.545e-36 8.69149e-37 
762.079 1.59337e-36 8.97509e-37 1.59337e-36 8.97509e-37 1.59337e-36 8.97509e-37 
787.046 1.64321e-36 9.26779e-37 1.64321e-36 9.26779e-37 1.64321e-36 9.26779e-37 
812.831 1.69458e-36 9.56992e-37 1.69458e-36 9.56992e-37 1.69458e-36 9.56992e-37 
839.46 1.74751e-36 9.88174e-37 1.74751e-36 9.88174e-37 1.74751e-36 9.88174e-37 
866.962 1.80204e-36 1.02036e-36 1.80204e-36 1.02036e-36 1.80204e-36 1.02036e-36 
895.365 1.85823e-36 1.05357e-36 1.85823e-36 1.05357e-36 1.85823e-36 1.05357e-36 
924.698 1.91611e-36 1.08785e-36 1.91611e-36 1.08785e-36 1.91611e-36 1.08785e-36 
954.993 1.97575e-36 1.12322e-36 1.97575e-36 1.12322e-36 1.97575e-36 1.12322e-36 
986.279 2.03718e-36 1.15972e-36 2.03718e-36 1.15972e-36 2.03718e-36 1.15972e-36 
1018.59 2.10045e-36 1.19739e-36 2.10045e-36 1.19739e-36 2.10045e-36 1.19739e-36 
1051.96 2.16563e-36 1.23625e-36 2.16563e-36 1.23625e-36 2.16563e-36 1.23625e-36 
1086.43 2.23276e-36 1.27636e-36 2.23276e-36 1.27636e-36 2.23276e-36 1.27636e-36 
1122.02 2.30189e-36 1.31774e-36 2.30189e-36 1.31774e-36 2.30189e-36 1.31774e-36 
1158.78 2.37309e-36 1.36043e-36 2.37309e-36 1.36043e-36 2.37309e-36 1.36043e-36 
1196.74 2.44641e-36 1.40448e-36 2.44641e-36 1.40448e-36 2.44641e-36 1.40448e-36 
1235.95 2.52189e-36 1.44991e-36 2.52189e-36 1.44991e-36 2.52189e-36 1.44991e-36 
1276.44 2.59961e-36 1.49679e-36 2.59961e-36 1.49679e-36 2.59961e-36 1.49679e-36 
1318.26 2.67963e-36 1.54514e-36 2.67963e-36 1.54514e-36 2.67963e-36 1.54514e-36 
1361.44 2.762e-36 1.59502e-36 2.762e-36 1.59502e-36 2.762e-36 1.59502e-36 
1406.05 2.84679e-36 1.64647e-36 2.84679e-36 1.64647e-36 2.84679e-36 1.64647e-36 
1452.11 2.93407e-36 1.69954e-36 2.93407e-36 1.69954e-36 2.93407e-36 1.69954e-36 
1499.68 3.0239e-36 1.75427e-36 3.0239e-36 1.75427e-36 3.0239e-36 1.75427e-36 
1548.82 3.11634e-36 1.81071e-36 3.11634e-36 1.81071e-36 3.11634e-36 1.81071e-36 
1599.56 3.21146e-36 1.86892e-36 3.21146e-36 1.86892e-36 3.21146e-36 1.86892e-36 
1651.96 3.30934e-36 1.92894e-36 3.30934e-36 1.92894e-36 3.30934e-36 1.92894e-36 
1706.08 3.41005e-36 1.99084e-36 3.41005e-36 1.99084e-36 3.41005e-36 1.99084e-36 
1761.98 3.51365e-36 2.05465e-36 3.51365e-36 2.05465e-36 3.51365e-36 2.05465e-36 
1819.7 3.62023e-36 2.12046e-36 3.62023e-36 2.12046e-36 3.62023e-36 2.12046e-36 
1879.32 3.72985e-36 2.18829e-36 3.72985e-36 2.18829e-36 3.72985e-36 2.18829e-36 
1940.89 3.84261e-36 2.25823e-36 3.84261e-36 2.25823e-36 3.84261e-36 2.25823e-36 
2004.47 3.95856e-36 2.33033e-36 3.95856e-36 2.33033e-36 3.95856e-36 2.33033e-36 
2070.14 4.07779e-36 2.40464e-36 4.07779e-36 2.40464e-36 4.07779e-36 2.40464e-36 
2137.96 4.20041e-36 2.48124e-36 4.20041e-36 2.48124e-36 4.20041e-36 2.48124e-36 
2208 4.32644e-36 2.56018e-36 4.32644e-36 2.56018e-36 4.32644e-36 2.56018e-36 
2280.34 4.45599e-36 2.64155e-36 4.45599e-36 2.64155e-36 4.45599e-36 2.64155e-36 
2355.05 4.58917e-36 2.7254e-36 4.58917e-36 2.7254e-36 4.58917e-36 2.7254e-36 
2432.2 4.72605e-36 2.8118e-36 4.72605e-36 2.8118e-36 4.72605e-36 2.8118e-36 
2511.89 4.86672e-36 2.90082e-36 4.86672e-36 2.90082e-36 4.86672e-36 2.90082e-36 
2594.18 5.01126e-36 2.99255e-36 5.01126e-36 2.99255e-36 5.01126e-36 2.99255e-36 
2679.17 5.15977e-36 3.08704e-36 5.15977e-36 3.08704e-36 5.15977e-36 3.08704e-36 
2766.94 5.31234e-36 3.1844e-36 5.31234e-36 3.1844e-36 5.31234e-36 3.1844e-36 
2857.59 5.46904e-36 3.28468e-36 5.46904e-36 3.28468e-36 5.46904e-36 3.28468e-36 
2951.21 5.63001e-36 3.38796e-36 5.63001e-36 3.38796e-36 5.63001e-36 3.38796e-36 
3047.89 5.79532e-36 3.49434e-36 5.79532e-36 3.49434e-36 5.79532e-36 3.49434e-36 
3147.75 5.96508e-36 3.6039e-36 5.96508e-36 3.6039e-36 5.96508e-36 3.6039e-36 
3250.87 6.13937e-36 3.71672e-36 6.13937e-36 3.71672e-36 6.13937e-36 3.71672e-36 
3357.38 6.31829e-36 3.83288e-36 6.31829e-36 3.83288e-36 6.31829e-36 3.83288e-36 
3467.37 6.50194e-36 3.95248e-36 6.50194e-36 3.95248e-36 6.50194e-36 3.95248e-36 
3580.96 6.69043e-36 4.07561e-36 6.69043e-36 4.07561e-36 6.69043e-36 4.07561e-36 
3698.28 6.88387e-36 4.20237e-36 6.88387e-36 4.20237e-36 6.88387e-36 4.20237e-36 
3819.44 7.08236e-36 4.33285e-36 7.08236e-36 4.33285e-36 7.08236e-36 4.33285e-36 
3944.57 7.286e-36 4.46713e-36 7.286e-36 4.46713e-36 7.286e-36 4.46713e-36 
4073.8 7.49488e-36 4.60534e-36 7.49488e-36 4.60534e-36 7.49488e-36 4.60534e-36 
4207.27 7.70915e-36 4.74755e-36 7.70915e-36 4.74755e-36 7.70915e-36 4.74755e-36 
4345.1 7.92888e-36 4.89389e-36 7.92888e-36 4.89389e-36 7.92888e-36 4.89389e-36 
4487.45 8.15419e-36 5.04445e-36 8.15419e-36 5.04445e-36 8.15419e-36 5.04445e-36 
4634.47 8.3852e-36 5.19933e-36 8.3852e-36 5.19933e-36 8.3852e-36 5.19933e-36 
4786.3 8.62201e-36 5.35866e-36 8.62201e-36 5.35866e-36 8.62201e-36 5.35866e-36 
4943.11 8.86474e-36 5.52254e-36 8.86474e-36 5.52254e-36 8.86474e-36 5.52254e-36 
5105.05 9.1135e-36 5.69109e-36 9.1135e-36 5.69109e-36 9.1135e-36 5.69109e-36 
5272.3 9.36841e-36 5.86441e-36 9.36841e-36 5.86441e-36 9.36841e-36 5.86441e-36 
5445.03 9.62957e-36 6.04263e-36 9.62957e-36 6.04263e-36 9.62957e-36 6.04263e-36 
5623.41 9.89711e-36 6.22586e-36 9.89711e-36 6.22586e-36 9.89711e-36 6.22586e-36 
5807.64 1.01712e-35 6.41424e-36 1.01712e-35 6.41424e-36 1.01712e-35 6.41424e-36 
5997.91 1.04518e-35 6.60787e-36 1.04518e-35 6.60787e-36 1.04518e-35 6.60787e-36 
6194.41 1.07391e-35 6.80689e-36 1.07391e-35 6.80689e-36 1.07391e-35 6.80689e-36 
6397.35 1.10334e-35 7.01142e-36 1.10334e-35 7.01142e-36 1.10334e-35 7.01142e-36 
6606.93 1.13345e-35 7.22161e-36 1.13345e-35 7.22161e-36 1.13345e-35 7.22161e-36 
6823.39 1.16428e-35 7.43754e-36 1.16428e-35 7.43754e-36 1.16428e-35 7.43754e-36 
7046.93 1.19583e-35 7.6594e-36 1.19583e-35 7.6594e-36 1.19583e-35 7.6594e-36 
7277.8 1.22811e-35 7.88731e-36 1.22811e-35 7.88731e-36 1.22811e-35 7.88731e-36 
7516.23 1.26113e-35 8.1214e-36 1.26113e-35 8.1214e-36 1.26113e-35 8.1214e-36 
7762.47 1.29491e-35 8.36181e-36 1.29491e-35 8.36181e-36 1.29491e-35 8.36181e-36 
8016.78 1.32946e-35 8.60869e-36 1.32946e-35 8.60869e-36 1.32946e-35 8.60869e-36 
8279.42 1.3648e-35 8.86219e-36 1.3648e-35 8.86219e-36 1.3648e-35 8.86219e-36 
8550.67 1.40092e-35 9.12242e-36 1.40092e-35 9.12242e-36 1.40092e-35 9.12242e-36 
8830.8 1.43786e-35 9.38959e-36 1.43786e-35 9.38959e-36 1.43786e-35 9.38959e-36 
9120.11 1.47561e-35 9.66379e-36 1.47561e-35 9.66379e-36 1.47561e-35 9.66379e-36 
9418.9 1.51419e-35 9.94519e-36 1.51419e-35 9.94519e-36 1.51419e-35 9.94519e-36 
9727.47 1.55362e-35 1.0234e-35 1.55362e-35 1.0234e-35 1.55362e-35 1.0234e-35 
10046.2 1.5939e-35 1.05303e-35 1.5939e-35 1.05303e-35 1.5939e-35 1.05303e-35 
10375.3 1.63506e-35 1.08342e-35 1.63506e-35 1.08342e-35 1.63506e-35 1.08342e-35 
10715.2 1.67709e-35 1.1146e-35 1.67709e-35 1.1146e-35 1.67709e-35 1.1146e-35 
11066.2 1.72002e-35 1.14658e-35 1.72002e-35 1.14658e-35 1.72002e-35 1.14658e-35 
11428.8 1.76387e-35 1.17938e-35 1.76387e-35 1.17938e-35 1.76387e-35 1.17938e-35 
11803.2 1.80863e-35 1.21301e-35 1.80863e-35 1.21301e-35 1.80863e-35 1.21301e-35 
12189.9 1.85432e-35 1.24749e-35 1.85432e-35 1.24749e-35 1.85432e-35 1.24749e-35 
12589.3 1.90096e-35 1.28284e-35 1.90096e-35 1.28284e-35 1.90096e-35 1.28284e-35 
13001.7 1.94855e-35 1.31907e-35 1.94855e-35 1.31907e-35 1.94855e-35 1.31907e-35 
13427.6 1.99713e-35 1.3562e-35 1.99713e-35 1.3562e-35 1.99713e-35 1.3562e-35 
13867.6 2.04668e-35 1.39425e-35 2.04668e-35 1.39425e-35 2.04668e-35 1.39425e-35 
14321.9 2.09724e-35 1.43324e-35 2.09724e-35 1.43324e-35 2.09724e-35 1.43324e-35 
14791.1 2.1488e-35 1.47318e-35 2.1488e-35 1.47318e-35 2.1488e-35 1.47318e-35 
15275.7 2.2014e-35 1.51409e-35 2.2014e-35 1.51409e-35 2.2014e-35 1.51409e-35 
15776.1 2.25503e-35 1.556e-35 2.25503e-35 1.556e-35 2.25503e-35 1.556e-35 
16293 2.30971e-35 1.59891e-35 2.30971e-35 1.59891e-35 2.30971e-35 1.59891e-35 
16826.7 2.36546e-35 1.64286e-35 2.36546e-35 1.64286e-35 2.36546e-35 1.64286e-35 
17378 2.42229e-35 1.68785e-35 2.42229e-35 1.68785e-35 2.42229e-35 1.68785e-35 
17947.3 2.48021e-35 1.7339e-35 2.48021e-35 1.7339e-35 2.48021e-35 1.7339e-35 
18535.3 2.53923e-35 1.78104e-35 2.53923e-35 1.78104e-35 2.53923e-35 1.78104e-35 
19142.6 2.59938e-35 1.82929e-35 2.59938e-35 1.82929e-35 2.59938e-35 1.82929e-35 
19769.7 2.66066e-35 1.87866e-35 2.66066e-35 1.87866e-35 2.66066e-35 1.87866e-35 
20417.4 2.72309e-35 1.92917e-35 2.72309e-35 1.92917e-35 2.72309e-35 1.92917e-35 
21086.3 2.78667e-35 1.98085e-35 2.78667e-35 1.98085e-35 2.78667e-35 1.98085e-35 
21777.1 2.85144e-35 2.03371e-35 2.85144e-35 2.03371e-35 2.85144e-35 2.03371e-35 
22490.5 2.9174e-35 2.08778e-35 2.9174e-35 2.08778e-35 2.9174e-35 2.08778e-35 
23227.4 2.98456e-35 2.14307e-35 2.98456e-35 2.14307e-35 2.98456e-35 2.14307e-35 
23988.3 3.05295e-35 2.1996e-35 3.05295e-35 2.1996e-35 3.05295e-35 2.1996e-35 
24774.2 3.12256e-35 2.2574e-35 3.12256e-35 2.2574e-35 3.12256e-35 2.2574e-35 
25585.9 3.19342e-35 2.31648e-35 3.19342e-35 2.31648e-35 3.19342e-35 2.31648e-35 
26424.1 3.26555e-35 2.37688e-35 3.26555e-35 2.37688e-35 3.26555e-35 2.37688e-35 
27289.8 3.33897e-35 2.4386e-35 3.33897e-35 2.4386e-35 3.33897e-35 2.4386e-35 
28183.8 3.41367e-35 2.50167e-35 3.41367e-35 2.50167e-35 3.41367e-35 2.50167e-35 
29107.2 3.48968e-35 2.56611e-35 3.48968e-35 2.56611e-35 3.48968e-35 2.56611e-35 
30060.8 3.56703e-35 2.63195e-35 3.56703e-35 2.63195e-35 3.56703e-35 2.63195e-35 
31045.6 3.64571e-35 2.6992e-35 3.64571e-35 2.6992e-35 3.64571e-35 2.6992e-35 
32062.7 3.72574e-35 2.76789e-35 3.72574e-35 2.76789e-35 3.72574e-35 2.76789e-35 
33113.1 3.80716e-35 2.83804e-35 3.80716e-35 2.83804e-35 3.80716e-35 2.83804e-35 
34197.9 3.88997e-35 2.90966e-35 3.88997e-35 2.90966e-35 3.88997e-35 2.90966e-35 
35318.3 3.97418e-35 2.98279e-35 3.97418e-35 2.98279e-35 3.97418e-35 2.98279e-35 
36475.4 4.05982e-35 3.05745e-35 4.05982e-35 3.05745e-35 4.05982e-35 3.05745e-35 
37670.4 4.1469e-35 3.13365e-35 4.1469e-35 3.13365e-35 4.1469e-35 3.13365e-35 
38904.5 4.23544e-35 3.21143e-35 4.23544e-35 3.21143e-35 4.23544e-35 3.21143e-35 
40179.1 4.32546e-35 3.29081e-35 4.32546e-35 3.29081e-35 4.32546e-35 3.29081e-35 
41495.4 4.41696e-35 3.37179e-35 4.41696e-35 3.37179e-35 4.41696e-35 3.37179e-35 
42854.9 4.50999e-35 3.45443e-35 4.50999e-35 3.45443e-35 4.50999e-35 3.45443e-35 
44258.8 4.60454e-35 3.53873e-35 4.60454e-35 3.53873e-35 4.60454e-35 3.53873e-35 
45708.8 4.70064e-35 3.62471e-35 4.70064e-35 3.62471e-35 4.70064e-35 3.62471e-35 
47206.3 4.79831e-35 3.71242e-35 4.79831e-35 3.71242e-35 4.79831e-35 3.71242e-35 
48752.8 4.89758e-35 3.80186e-35 4.89758e-35 3.80186e-35 4.89758e-35 3.80186e-35 
50350.1 4.99844e-35 3.89306e-35 4.99844e-35 3.89306e-35 4.99844e-35 3.89306e-35 
51999.6 5.10095e-35 3.98605e-35 5.10095e-35 3.98605e-35 5.10095e-35 3.98605e-35 
53703.2 5.20509e-35 4.08085e-35 5.20509e-35 4.08085e-35 5.20509e-35 4.08085e-35 
55462.6 5.31089e-35 4.1775e-35 5.31089e-35 4.1775e-35 5.31089e-35 4.1775e-35 
57279.6 5.41839e-35 4.27599e-35 5.41839e-35 4.27599e-35 5.41839e-35 4.27599e-35 
59156.2 5.52759e-35 4.37637e-35 5.52759e-35 4.37637e-35 5.52759e-35 4.37637e-35 
61094.2 5.63855e-35 4.47867e-35 5.63855e-35 4.47867e-35 5.63855e-35 4.47867e-35 
63095.7 5.75124e-35 4.5829e-35 5.75124e-35 4.5829e-35 5.75124e-35 4.5829e-35 
65162.8 5.86571e-35 4.68912e-35 5.86571e-35 4.68912e-35 5.86571e-35 4.68912e-35 
67297.7 5.98198e-35 4.79729e-35 5.98198e-35 4.79729e-35 5.98198e-35 4.79729e-35 
69502.4 6.10007e-35 4.90749e-35 6.10007e-35 4.90749e-35 6.10007e-35 4.90749e-35 
71779.4 6.22002e-35 5.01974e-35 6.22002e-35 5.01974e-35 6.22002e-35 5.01974e-35 
74131 6.34182e-35 5.13406e-35 6.34182e-35 5.13406e-35 6.34182e-35 5.13406e-35 
76559.7 6.46551e-35 5.25047e-35 6.46551e-35 5.25047e-35 6.46551e-35 5.25047e-35 
79067.9 6.59113e-35 5.36901e-35 6.59113e-35 5.36901e-35 6.59113e-35 5.36901e-35 
81658.2 6.71868e-35 5.4897e-35 6.71868e-35 5.4897e-35 6.71868e-35 5.4897e-35 
84333.5 6.8482e-35 5.61257e-35 6.8482e-35 5.61257e-35 6.8482e-35 5.61257e-35 
87096.4 6.97973e-35 5.73765e-35 6.97973e-35 5.73765e-35 6.97973e-35 5.73765e-35 
89949.8 7.11326e-35 5.86496e-35 7.11326e-35 5.86496e-35 7.11326e-35 5.86496e-35 
92896.6 7.24884e-35 5.99453e-35 7.24884e-35 5.99453e-35 7.24884e-35 5.99453e-35 
95940.1 7.38649e-35 6.12641e-35 7.38649e-35 6.12641e-35 7.38649e-35 6.12641e-35 
99083.2 7.52625e-35 6.26058e-35 7.52625e-35 6.26058e-35 7.52625e-35 6.26058e-35 
102329 7.66813e-35 6.39714e-35 7.66813e-35 6.39714e-35 7.66813e-35 6.39714e-35 
105682 7.81216e-35 6.53606e-35 7.81216e-35 6.53606e-35 7.81216e-35 6.53606e-35 
109144 7.95838e-35 6.6774e-35 7.95838e-35 6.6774e-35 7.95838e-35 6.6774e-35 
112720 8.10682e-35 6.82118e-35 8.10682e-35 6.82118e-35 8.10682e-35 6.82118e-35 
116413 8.2575e-35 6.96741e-35 8.2575e-35 6.96741e-35 8.2575e-35 6.96741e-35 
120226 8.41044e-35 7.11615e-35 8.41044e-35 7.11615e-35 8.41044e-35 7.11615e-35 
124165 8.5657e-35 7.26744e-35 8.5657e-35 7.26744e-35 8.5657e-35 7.26744e-35 
128233 8.7233e-35 7.42128e-35 8.7233e-35 7.42128e-35 8.7233e-35 7.42128e-35 
132434 8.88325e-35 7.57772e-35 8.88325e-35 7.57772e-35 8.88325e-35 7.57772e-35 
136773 9.04561e-35 7.73679e-35 9.04561e-35 7.73679e-35 9.04561e-35 7.73679e-35 
141254 9.2104e-35 7.89852e-35 9.2104e-35 7.89852e-35 9.2104e-35 7.89852e-35 
145881 9.37766e-35 8.06295e-35 9.37766e-35 8.06295e-35 9.37766e-35 8.06295e-35 
150661 9.54739e-35 8.23009e-35 9.54739e-35 8.23009e-35 9.54739e-35 8.23009e-35 
155597 9.71968e-35 8.4e-35 9.71968e-35 8.4e-35 9.71968e-35 8.4e-35 
160694 9.89451e-35 8.57269e-35 9.89451e-35 8.57269e-35 9.89451e-35 8.57269e-35 
165959 1.0072e-34 8.74823e-35 1.0072e-34 8.74823e-35 1.0072e-34 8.74823e-35 
171396 1.0252e-34 8.92661e-35 1.0252e-34 8.92661e-35 1.0252e-34 8.92661e-35 
177011 1.04348e-34 9.10788e-35 1.04348e-34 9.10788e-35 1.04348e-34 9.10788e-35 
182810 1.06202e-34 9.29212e-35 1.06202e-34 9.29212e-35 1.06202e-34 9.29212e-35 
188799 1.08085e-34 9.47931e-35 1.08085e-34 9.47931e-35 1.08085e-34 9.47931e-35 
194984 1.09994e-34 9.6695e-35 1.09994e-34 9.6695e-35 1.09994e-34 9.6695e-35 
201372 1.11932e-34 9.86271e-35 1.11932e-34 9.86271e-35 1.11932e-34 9.86271e-35 
207970 1.13899e-34 1.0059e-34 1.13899e-34 1.0059e-34 1.13899e-34 1.0059e-34 
214783 1.15895e-34 1.02584e-34 1.15895e-34 1.02584e-34 1.15895e-34 1.02584e-34 
221820 1.1792e-34 1.0461e-34 1.1792e-34 1.0461e-34 1.1792e-34 1.0461e-34 
229087 1.19974e-34 1.06668e-34 1.19974e-34 1.06668e-34 1.19974e-34 1.06668e-34 
236592 1.22059e-34 1.08757e-34 1.22059e-34 1.08757e-34 1.22059e-34 1.08757e-34 
244343 1.24175e-34 1.1088e-34 1.24175e-34 1.1088e-34 1.24175e-34 1.1088e-34 
252348 1.26321e-34 1.13036e-34 1.26321e-34 1.13036e-34 1.26321e-34 1.13036e-34 
260615 1.28499e-34 1.15225e-34 1.28499e-34 1.15225e-34 1.28499e-34 1.15225e-34 
269153 1.30709e-34 1.17448e-34 1.30709e-34 1.17448e-34 1.30709e-34 1.17448e-34 
277971 1.32951e-34 1.19705e-34 1.32951e-34 1.19705e-34 1.32951e-34 1.19705e-34 
287078 1.35226e-34 1.21997e-34 1.35226e-34 1.21997e-34 1.35226e-34 1.21997e-34 
296483 1.37534e-34 1.24324e-34 1.37534e-34 1.24324e-34 1.37534e-34 1.24324e-34 
306196 1.39875e-34 1.26686e-34 1.39875e-34 1.26686e-34 1.39875e-34 1.26686e-34 
316228 1.42251e-34 1.29085e-34 1.42251e-34 1.29085e-34 1.42251e-34 1.29085e-34 
326588 1.44661e-34 1.31519e-34 1.44661e-34 1.31519e-34 1.44661e-34 1.31519e-34 
337287 1.47106e-34 1.33991e-34 1.47106e-34 1.33991e-34 1.47106e-34 1.33991e-34 
348337 1.49587e-34 1.365e-34 1.49587e-34 1.365e-34 1.49587e-34 1.365e-34 
359749 1.52103e-34 1.39047e-34 1.52103e-34 1.39047e-34 1.52103e-34 1.39047e-34 
371535 1.54656e-34 1.41631e-34 1.54656e-34 1.41631e-34 1.54656e-34 1.41631e-34 
383707 1.57246e-34 1.44255e-34 1.57246e-34 1.44255e-34 1.57246e-34 1.44255e-34 
396278 1.59873e-34 1.46917e-34 1.59873e-34 1.46917e-34 1.59873e-34 1.46917e-34 
409261 1.62539e-34 1.49619e-34 1.62539e-34 1.49619e-34 1.62539e-34 1.49619e-34 
422669 1.65242e-34 1.52361e-34 1.65242e-34 1.52361e-34 1.65242e-34 1.52361e-34 
436516 1.67985e-34 1.55144e-34 1.67985e-34 1.55144e-34 1.67985e-34 1.55144e-34 
450817 1.70767e-34 1.57967e-34 1.70767e-34 1.57967e-34 1.70767e-34 1.57967e-34 
465586 1.73588e-34 1.60832e-34 1.73588e-34 1.60832e-34 1.73588e-34 1.60832e-34 
480839 1.76451e-34 1.6374e-34 1.76451e-34 1.6374e-34 1.76451e-34 1.6374e-34 
496592 1.79354e-34 1.66689e-34 1.79354e-34 1.66689e-34 1.79354e-34 1.66689e-34 
512861 1.823e-34 1.69682e-34 1.823e-34 1.69682e-34 1.823e-34 1.69682e-34 
529663 1.85286e-34 1.72718e-34 1.85286e-34 1.72718e-34 1.85286e-34 1.72718e-34 
547016 1.88316e-34 1.75798e-34 1.88316e-34 1.75798e-34 1.88316e-34 1.75798e-34 
564937 1.91389e-34 1.78922e-34 1.91389e-34 1.78922e-34 1.91389e-34 1.78922e-34 
583445 1.94506e-34 1.82092e-34 1.94506e-34 1.82092e-34 1.94506e-34 1.82092e-34 
602560 1.97667e-34 1.85307e-34 1.97667e-34 1.85307e-34 1.97667e-34 1.85307e-34 
622300 2.00873e-34 1.88569e-34 2.00873e-34 1.88569e-34 2.00873e-34 1.88569e-34 
642688 2.04125e-34 1.91877e-34 2.04125e-34 1.91877e-34 2.04125e-34 1.91877e-34 
663743 2.07423e-34 1.95232e-34 2.07423e-34 1.95232e-34 2.07423e-34 1.95232e-34 
685488 2.10767e-34 1.98636e-34 2.10767e-34 1.98636e-34 2.10767e-34 1.98636e-34 
707946 2.14159e-34 2.02088e-34 2.14159e-34 2.02088e-34 2.14159e-34 2.02088e-34 
731139 2.17599e-34 2.05588e-34 2.17599e-34 2.05588e-34 2.17599e-34 2.05588e-34 
755092 2.21088e-34 2.09139e-34 2.21088e-34 2.09139e-34 2.21088e-34 2.09139e-34 
779830 2.24625e-34 2.12739e-34 2.24625e-34 2.12739e-34 2.24625e-34 2.12739e-34 
805378 2.28212e-34 2.1639e-34 2.28212e-34 2.1639e-34 2.28212e-34 2.1639e-34 
831764 2.3185e-34 2.20093e-34 2.3185e-34 2.20093e-34 2.3185e-34 2.20093e-34 
859014 2.35539e-34 2.23848e-34 2.35539e-34 2.23848e-34 2.35539e-34 2.23848e-34 
887156 2.3928e-34 2.27655e-34 2.3928e-34 2.27655e-34 2.3928e-34 2.27655e-34 
916220 2.43073e-34 2.31516e-34 2.43073e-34 2.31516e-34 2.43073e-34 2.31516e-34 
946237 2.46919e-34 2.3543e-34 2.46919e-34 2.3543e-34 2.46919e-34 2.3543e-34 
977237 2.50819e-34 2.39399e-34 2.50819e-34 2.39399e-34 2.50819e-34 2.39399e-34 
1.00925e+06 2.54773e-34 2.43422e-34 2.54773e-34 2.43422e-34 2.54773e-34 2.43422e-34 
1.04232e+06 2.58782e-34 2.47503e-34 2.58782e-34 2.47503e-34 2.58782e-34 2.47503e-34 
1.07647e+06 2.62848e-34 2.51639e-34 2.62848e-34 2.51639e-34 2.62848e-34 2.51639e-34 
1.11173e+06 2.66969e-34 2.55832e-34 2.66969e-34 2.55832e-34 2.66969e-34 2.55832e-34 
1.14815e+06 2.71148e-34 2.60084e-34 2.71148e-34 2.60084e-34 2.71148e-34 2.60084e-34 
1.18577e+06 2.75385e-34 2.64394e-34 2.75385e-34 2.64394e-34 2.75385e-34 2.64394e-34 
1.22462e+06 2.7968e-34 2.68762e-34 2.7968e-34 2.68762e-34 2.7968e-34 2.68762e-34 
1.26474e+06 2.84035e-34 2.73191e-34 2.84035e-34 2.73191e-34 2.84035e-34 2.73191e-34 
1.30617e+06 2.8845e-34 2.77684e-34 2.8845e-34 2.77684e-34 2.8845e-34 2.77684e-34 
1.34896e+06 2.92926e-34 2.82231e-34 2.92926e-34 2.82231e-34 2.92926e-34 2.82231e-34 
1.39316e+06 2.97463e-34 2.86844e-34 2.97463e-34 2.86844e-34 2.97463e-34 2.86844e-34 
1.4388e+06 3.02063e-34 2.9152e-34 3.02063e-34 2.9152e-34 3.02063e-34 2.9152e-34 
1.48594e+06 3.06725e-34 2.96259e-34 3.06725e-34 2.96259e-34 3.06725e-34 2.96259e-34 
1.53462e+06 3.11452e-34 3.01062e-34 3.11452e-34 3.01062e-34 3.11452e-34 3.01062e-34 
1.58489e+06 3.16243e-34 3.05931e-34 3.16243e-34 3.05931e-34 3.16243e-34 3.05931e-34 
1.63682e+06 3.211e-34 3.10865e-34 3.211e-34 3.10865e-34 3.211e-34 3.10865e-34 
1.69044e+06 3.26023e-34 3.15865e-34 3.26023e-34 3.15865e-34 3.26023e-34 3.15865e-34 
1.74582e+06 3.31013e-34 3.20933e-34 3.31013e-34 3.20933e-34 3.31013e-34 3.20933e-34 
1.80302e+06 3.36071e-34 3.26069e-34 3.36071e-34 3.26069e-34 3.36071e-34 3.26069e-34 
1.86209e+06 3.41198e-34 3.31274e-34 3.41198e-34 3.31274e-34 3.41198e-34 3.31274e-34 
1.92309e+06 3.46393e-34 3.36548e-34 3.46393e-34 3.36548e-34 3.46393e-34 3.36548e-34 
1.98609e+06 3.5166e-34 3.41894e-34 3.5166e-34 3.41894e-34 3.5166e-34 3.41894e-34 
2.05116e+06 3.56997e-34 3.4731e-34 3.56997e-34 3.4731e-34 3.56997e-34 3.4731e-34 
2.11836e+06 3.62407e-34 3.52799e-34 3.62407e-34 3.52799e-34 3.62407e-34 3.52799e-34 
2.18776e+06 3.67889e-34 3.5836e-34 3.67889e-34 3.5836e-34 3.67889e-34 3.5836e-34 
2.25944e+06 3.73446e-34 3.63996e-34 3.73446e-34 3.63996e-34 3.73446e-34 3.63996e-34 
2.33346e+06 3.79077e-34 3.69706e-34 3.79077e-34 3.69706e-34 3.79077e-34 3.69706e-34 
2.40991e+06 3.84783e-34 3.75492e-34 3.84783e-34 3.75492e-34 3.84783e-34 3.75492e-34 
2.48886e+06 3.90566e-34 3.81354e-34 3.90566e-34 3.81354e-34 3.90566e-34 3.81354e-34 
2.5704e+06 3.96426e-34 3.87294e-34 3.96426e-34 3.87294e-34 3.96426e-34 3.87294e-34 
2.65461e+06 4.02365e-34 3.93312e-34 4.02365e-34 3.93312e-34 4.02365e-34 3.93312e-34 
2.74157e+06 4.08383e-34 3.99408e-34 4.08383e-34 3.99408e-34 4.08383e-34 3.99408e-34 
2.83139e+06 4.1448e-34 4.05585e-34 4.1448e-34 4.05585e-34 4.1448e-34 4.05585e-34 
2.92415e+06 4.20659e-34 4.11843e-34 4.20659e-34 4.11843e-34 4.20659e-34 4.11843e-34 
3.01995e+06 4.26919e-34 4.18183e-34 4.26919e-34 4.18183e-34 4.26919e-34 4.18183e-34 
3.11889e+06 4.33263e-34 4.24605e-34 4.33263e-34 4.24605e-34 4.33263e-34 4.24605e-34 
3.22107e+06 4.39691e-34 4.31112e-34 4.39691e-34 4.31112e-34 4.39691e-34 4.31112e-34 
3.3266e+06 4.46203e-34 4.37703e-34 4.46203e-34 4.37703e-34 4.46203e-34 4.37703e-34 
3.43558e+06 4.52801e-34 4.4438e-34 4.52801e-34 4.4438e-34 4.52801e-34 4.4438e-34 
3.54813e+06 4.59486e-34 4.51143e-34 4.59486e-34 4.51143e-34 4.59486e-34 4.51143e-34 
3.66438e+06 4.66259e-34 4.57995e-34 4.66259e-34 4.57995e-34 4.66259e-34 4.57995e-34 
3.78443e+06 4.73121e-34 4.64934e-34 4.73121e-34 4.64934e-34 4.73121e-34 4.64934e-34 
3.90841e+06 4.80072e-34 4.71964e-34 4.80072e-34 4.71964e-34 4.80072e-34 4.71964e-34 
4.03645e+06 4.87115e-34 4.79084e-34 4.87115e-34 4.79084e-34 4.87115e-34 4.79084e-34 
4.16869e+06 4.94249e-34 4.86296e-34 4.94249e-34 4.86296e-34 4.94249e-34 4.86296e-34 
4.30527e+06 5.01476e-34 4.93599e-34 5.01476e-34 4.93599e-34 5.01476e-34 4.93599e-34 
4.44631e+06 5.08798e-34 5.00998e-34 5.08798e-34 5.00998e-34 5.08798e-34 5.00998e-34 
4.59198e+06 5.16215e-34 5.08492e-34 5.16215e-34 5.08492e-34 5.16215e-34 5.08492e-34 
4.74242e+06 5.23727e-34 5.16081e-34 5.23727e-34 5.16081e-34 5.23727e-34 5.16081e-34 
4.89779e+06 5.31338e-34 5.23767e-34 5.31338e-34 5.23767e-34 5.31338e-34 5.23767e-34 
5.05825e+06 5.39046e-34 5.31551e-34 5.39046e-34 5.31551e-34 5.39046e-34 5.31551e-34 
5.22396e+06 5.46855e-34 5.39435e-34 5.46855e-34 5.39435e-34 5.46855e-34 5.39435e-34 
5.39511e+06 5.54763e-34 5.47418e-34 5.54763e-34 5.47418e-34 5.54763e-34 5.47418e-34 
5.57186e+06 5.62774e-34 5.55503e-34 5.62774e-34 5.55503e-34 5.62774e-34 5.55503e-34 
5.7544e+06 5.70886e-34 5.63691e-34 5.70886e-34 5.63691e-34 5.70886e-34 5.63691e-34 
5.94292e+06 5.79104e-34 5.71982e-34 5.79104e-34 5.71982e-34 5.79104e-34 5.71982e-34 
6.13762e+06 5.87426e-34 5.80378e-34 5.87426e-34 5.80378e-34 5.87426e-34 5.80378e-34 
6.3387e+06 5.95855e-34 5.88881e-34 5.95855e-34 5.88881e-34 5.95855e-34 5.88881e-34 
6.54636e+06 6.04392e-34 5.9749e-34 6.04392e-34 5.9749e-34 6.04392e-34 5.9749e-34 
6.76083e+06 6.13037e-34 6.06208e-34 6.13037e-34 6.06208e-34 6.13037e-34 6.06208e-34 
6.98232e+06 6.21792e-34 6.15035e-34 6.21792e-34 6.15035e-34 6.21792e-34 6.15035e-34 
7.21107e+06 6.30658e-34 6.23972e-34 6.30658e-34 6.23972e-34 6.30658e-34 6.23972e-34 
7.44732e+06 6.39638e-34 6.33023e-34 6.39638e-34 6.33023e-34 6.39638e-34 6.33023e-34 
7.6913e+06 6.4873e-34 6.42187e-34 6.4873e-34 6.42187e-34 6.4873e-34 6.42187e-34 
7.94328e+06 6.57937e-34 6.51464e-34 6.57937e-34 6.51464e-34 6.57937e-34 6.51464e-34 
8.20352e+06 6.67262e-34 6.60858e-34 6.67262e-34 6.60858e-34 6.67262e-34 6.60858e-34 
8.47227e+06 6.76702e-34 6.70369e-34 6.76702e-34 6.70369e-34 6.76702e-34 6.70369e-34 
8.74984e+06 6.86262e-34 6.79998e-34 6.86262e-34 6.79998e-34 6.86262e-34 6.79998e-34 
9.03649e+06 6.95942e-34 6.89746e-34 6.95942e-34 6.89746e-34 6.95942e-34 6.89746e-34 
9.33254e+06 7.05742e-34 6.99614e-34 7.05742e-34 6.99614e-34 7.05742e-34 6.99614e-34 
9.63829e+06 7.15667e-34 7.09607e-34 7.15667e-34 7.09607e-34 7.15667e-34 7.09607e-34 
9.95405e+06 7.25715e-34 7.19722e-34 7.25715e-34 7.19722e-34 7.25715e-34 7.19722e-34 
1.02802e+07 7.35889e-34 7.29963e-34 7.35889e-34 7.29963e-34 7.35889e-34 7.29963e-34 
1.0617e+07 7.46189e-34 7.40329e-34 7.46189e-34 7.40329e-34 7.46189e-34 7.40329e-34 
1.09648e+07 7.56617e-34 7.50823e-34 7.56617e-34 7.50823e-34 7.56617e-34 7.50823e-34 
1.1324e+07 7.67174e-34 7.61445e-34 7.67174e-34 7.61445e-34 7.67174e-34 7.61445e-34 
1.1695e+07 7.77863e-34 7.72199e-34 7.77863e-34 7.72199e-34 7.77863e-34 7.72199e-34 
1.20781e+07 7.88683e-34 7.83084e-34 7.88683e-34 7.83084e-34 7.88683e-34 7.83084e-34 
1.24738e+07 7.99638e-34 7.94103e-34 7.99638e-34 7.94103e-34 7.99638e-34 7.94103e-34 
1.28825e+07 8.10728e-34 8.05256e-34 8.10728e-34 8.05256e-34 8.10728e-34 8.05256e-34 
1.33045e+07 8.21954e-34 8.16545e-34 8.21954e-34 8.16545e-34 8.21954e-34 8.16545e-34 
1.37404e+07 8.33319e-34 8.27973e-34 8.33319e-34 8.27973e-34 8.33319e-34 8.27973e-34 
1.41906e+07 8.44823e-34 8.39538e-34 8.44823e-34 8.39538e-34 8.44823e-34 8.39538e-34 
1.46555e+07 8.56468e-34 8.51245e-34 8.56468e-34 8.51245e-34 8.56468e-34 8.51245e-34 
1.51356e+07 8.68255e-34 8.63093e-34 8.68255e-34 8.63093e-34 8.68255e-34 8.63093e-34 
1.56315e+07 8.80187e-34 8.75085e-34 8.80187e-34 8.75085e-34 8.80187e-34 8.75085e-34 
1.61436e+07 8.92265e-34 8.87223e-34 8.92265e-34 8.87223e-34 8.92265e-34 8.87223e-34 
1.66725e+07 9.04488e-34 8.99506e-34 9.04488e-34 8.99506e-34 9.04488e-34 8.99506e-34 
1.72187e+07 9.16862e-34 9.11939e-34 9.16862e-34 9.11939e-34 9.16862e-34 9.11939e-34 
1.77828e+07 9.29385e-34 9.24521e-34 9.29385e-34 9.24521e-34 9.29385e-34 9.24521e-34 
1.83654e+07 9.4206e-34 9.37253e-34 9.4206e-34 9.37253e-34 9.4206e-34 9.37253e-34 
1.89671e+07 9.54888e-34 9.50139e-34 9.54888e-34 9.50139e-34 9.54888e-34 9.50139e-34 
1.95884e+07 9.67873e-34 9.6318e-34 9.67873e-34 9.6318e-34 9.67873e-34 9.6318e-34 
2.02302e+07 9.81013e-34 9.76377e-34 9.81013e-34 9.76377e-34 9.81013e-34 9.76377e-34 
2.0893e+07 9.94313e-34 9.89732e-34 9.94313e-34 9.89732e-34 9.94313e-34 9.89732e-34 
2.15774e+07 1.00777e-33 1.00325e-33 1.00777e-33 1.00325e-33 1.00777e-33 1.00325e-33 
2.22844e+07 1.02139e-33 1.01692e-33 1.02139e-33 1.01692e-33 1.02139e-33 1.01692e-33 
2.30144e+07 1.03518e-33 1.03076e-33 1.03518e-33 1.03076e-33 1.03518e-33 1.03076e-33 
2.37684e+07 1.04913e-33 1.04476e-33 1.04913e-33 1.04476e-33 1.04913e-33 1.04476e-33 
2.45471e+07 1.06324e-33 1.05893e-33 1.06324e-33 1.05893e-33 1.06324e-33 1.05893e-33 
2.53513e+07 1.07753e-33 1.07327e-33 1.07753e-33 1.07327e-33 1.07753e-33 1.07327e-33 
2.61818e+07 1.09198e-33 1.08778e-33 1.09198e-33 1.08778e-33 1.09198e-33 1.08778e-33 
2.70396e+07 1.10661e-33 1.10246e-33 1.10661e-33 1.10246e-33 1.10661e-33 1.10246e-33 
2.79254e+07 1.12141e-33 1.11731e-33 1.12141e-33 1.11731e-33 1.12141e-33 1.11731e-33 
2.88403e+07 1.13638e-33 1.13234e-33 1.13638e-33 1.13234e-33 1.13638e-33 1.13234e-33 
2.97852e+07 1.15154e-33 1.14754e-33 1.15154e-33 1.14754e-33 1.15154e-33 1.14754e-33 
3.0761e+07 1.16687e-33 1.16292e-33 1.16687e-33 1.16292e-33 1.16687e-33 1.16292e-33 
3.17687e+07 1.18239e-33 1.17849e-33 1.18239e-33 1.17849e-33 1.18239e-33 1.17849e-33 
3.28095e+07 1.19808e-33 1.19423e-33 1.19808e-33 1.19423e-33 1.19808e-33 1.19423e-33 
3.38844e+07 1.21396e-33 1.21016e-33 1.21396e-33 1.21016e-33 1.21396e-33 1.21016e-33 
3.49945e+07 1.23004e-33 1.22628e-33 1.23004e-33 1.22628e-33 1.23004e-33 1.22628e-33 
3.6141e+07 1.2463e-33 1.24259e-33 1.2463e-33 1.24259e-33 1.2463e-33 1.24259e-33 
3.7325e+07 1.26274e-33 1.25908e-33 1.26274e-33 1.25908e-33 1.26274e-33 1.25908e-33 
3.85478e+07 1.27939e-33 1.27577e-33 1.27939e-33 1.27577e-33 1.27939e-33 1.27577e-33 
3.98107e+07 1.29622e-33 1.29265e-33 1.29622e-33 1.29265e-33 1.29622e-33 1.29265e-33 
4.1115e+07 1.31326e-33 1.30974e-33 1.31326e-33 1.30974e-33 1.31326e-33 1.30974e-33 
4.2462e+07 1.33048e-33 1.32701e-33 1.33048e-33 1.32701e-33 1.33048e-33 1.32701e-33 
4.38531e+07 1.34792e-33 1.34449e-33 1.34792e-33 1.34449e-33 1.34792e-33 1.34449e-33 
4.52898e+07 1.36555e-33 1.36217e-33 1.36555e-33 1.36217e-33 1.36555e-33 1.36217e-33 
4.67735e+07 1.38339e-33 1.38005e-33 1.38339e-33 1.38005e-33 1.38339e-33 1.38005e-33 
4.83059e+07 1.40144e-33 1.39814e-33 1.40144e-33 1.39814e-33 1.40144e-33 1.39814e-33 
4.98884e+07 1.41969e-33 1.41643e-33 1.41969e-33 1.41643e-33 1.41969e-33 1.41643e-33 
5.15229e+07 1.43816e-33 1.43494e-33 1.43816e-33 1.43494e-33 1.43816e-33 1.43494e-33 
5.32108e+07 1.45684e-33 1.45366e-33 1.45684e-33 1.45366e-33 1.45684e-33 1.45366e-33 
5.49541e+07 1.47573e-33 1.4726e-33 1.47573e-33 1.4726e-33 1.47573e-33 1.4726e-33 
5.67545e+07 1.49485e-33 1.49176e-33 1.49485e-33 1.49176e-33 1.49485e-33 1.49176e-33 
5.86138e+07 1.51418e-33 1.51113e-33 1.51418e-33 1.51113e-33 1.51418e-33 1.51113e-33 
6.05341e+07 1.53374e-33 1.53072e-33 1.53374e-33 1.53072e-33 1.53374e-33 1.53072e-33 
6.25173e+07 1.55352e-33 1.55054e-33 1.55352e-33 1.55054e-33 1.55352e-33 1.55054e-33 
6.45654e+07 1.57352e-33 1.57058e-33 1.57352e-33 1.57058e-33 1.57352e-33 1.57058e-33 
6.66807e+07 1.59376e-33 1.59086e-33 1.59376e-33 1.59086e-33 1.59376e-33 1.59086e-33 
6.88652e+07 1.61422e-33 1.61136e-33 1.61422e-33 1.61136e-33 1.61422e-33 1.61136e-33 
7.11214e+07 1.63492e-33 1.6321e-33 1.63492e-33 1.6321e-33 1.63492e-33 1.6321e-33 
7.34514e+07 1.65585e-33 1.65307e-33 1.65585e-33 1.65307e-33 1.65585e-33 1.65307e-33 
7.58578e+07 1.67702e-33 1.67428e-33 1.67702e-33 1.67428e-33 1.67702e-33 1.67428e-33 
7.8343e+07 1.69844e-33 1.69573e-33 1.69844e-33 1.69573e-33 1.69844e-33 1.69573e-33 
8.09096e+07 1.72009e-33 1.71742e-33 1.72009e-33 1.71742e-33 1.72009e-33 1.71742e-33 
8.35603e+07 1.74199e-33 1.73935e-33 1.74199e-33 1.73935e-33 1.74199e-33 1.73935e-33 
8.62979e+07 1.76413e-33 1.76153e-33 1.76413e-33 1.76153e-33 1.76413e-33 1.76153e-33 
8.91251e+07 1.78654e-33 1.78397e-33 1.78654e-33 1.78397e-33 1.78654e-33 1.78397e-33 
9.2045e+07 1.80919e-33 1.80665e-33 1.80919e-33 1.80665e-33 1.80919e-33 1.80665e-33 
9.50605e+07 1.83209e-33 1.82959e-33 1.83209e-33 1.82959e-33 1.83209e-33 1.82959e-33 
9.81748e+07 1.85526e-33 1.85279e-33 1.85526e-33 1.85279e-33 1.85526e-33 1.85279e-33 
1.01391e+08 1.87868e-33 1.87625e-33 1.87868e-33 1.87625e-33 1.87868e-33 1.87625e-33 
1.04713e+08 1.90237e-33 1.89997e-33 1.90237e-33 1.89997e-33 1.90237e-33 1.89997e-33 
1.08143e+08 1.92632e-33 1.92395e-33 1.92632e-33 1.92395e-33 1.92632e-33 1.92395e-33 
1.11686e+08 1.95054e-33 1.9482e-33 1.95054e-33 1.9482e-33 1.95054e-33 1.9482e-33 
1.15345e+08 1.97503e-33 1.97273e-33 1.97503e-33 1.97273e-33 1.97503e-33 1.97273e-33 
1.19124e+08 1.9998e-33 1.99752e-33 1.9998e-33 1.99752e-33 1.9998e-33 1.99752e-33 
1.23027e+08 2.02485e-33 2.0226e-33 2.02485e-33 2.0226e-33 2.02485e-33 2.0226e-33 
1.27057e+08 2.05015e-33 2.04794e-33 2.05015e-33 2.04794e-33 2.05015e-33 2.04794e-33 
1.3122e+08 2.07576e-33 2.07357e-33 2.07576e-33 2.07357e-33 2.07576e-33 2.07357e-33 
1.35519e+08 2.10165e-33 2.0995e-33 2.10165e-33 2.0995e-33 2.10165e-33 2.0995e-33 
1.39959e+08 2.12781e-33 2.12569e-33 2.12781e-33 2.12569e-33 2.12781e-33 2.12569e-33 
1.44544e+08 2.15428e-33 2.15218e-33 2.15428e-33 2.15218e-33 2.15428e-33 2.15218e-33 
1.49279e+08 2.18104e-33 2.17898e-33 2.18104e-33 2.17898e-33 2.18104e-33 2.17898e-33 
1.5417e+08 2.20808e-33 2.20604e-33 2.20808e-33 2.20604e-33 2.20808e-33 2.20604e-33 
1.59221e+08 2.23543e-33 2.23342e-33 2.23543e-33 2.23342e-33 2.23543e-33 2.23342e-33 
1.64437e+08 2.26308e-33 2.2611e-33 2.26308e-33 2.2611e-33 2.26308e-33 2.2611e-33 
1.69824e+08 2.29105e-33 2.28909e-33 2.29105e-33 2.28909e-33 2.29105e-33 2.28909e-33 
1.75388e+08 2.3193e-33 2.31737e-33 2.3193e-33 2.31737e-33 2.3193e-33 2.31737e-33 
1.81134e+08 2.34787e-33 2.34597e-33 2.34787e-33 2.34597e-33 2.34787e-33 2.34597e-33 
1.87068e+08 2.37676e-33 2.37488e-33 2.37676e-33 2.37488e-33 2.37676e-33 2.37488e-33 
1.93197e+08 2.40596e-33 2.40411e-33 2.40596e-33 2.40411e-33 2.40596e-33 2.40411e-33 
1.99526e+08 2.43548e-33 2.43366e-33 2.43548e-33 2.43366e-33 2.43548e-33 2.43366e-33 
2.06063e+08 2.46532e-33 2.46353e-33 2.46532e-33 2.46353e-33 2.46532e-33 2.46353e-33 
2.12814e+08 2.49549e-33 2.49372e-33 2.49549e-33 2.49372e-33 2.49549e-33 2.49372e-33 
2.19786e+08 2.52599e-33 2.52425e-33 2.52599e-33 2.52425e-33 2.52599e-33 2.52425e-33 
2.26986e+08 2.55683e-33 2.5551e-33 2.55683e-33 2.5551e-33 2.55683e-33 2.5551e-33 
2.34423e+08 2.58799e-33 2.58629e-33 2.58799e-33 2.58629e-33 2.58799e-33 2.58629e-33 
2.42103e+08 2.6195e-33 2.61783e-33 2.6195e-33 2.61783e-33 2.6195e-33 2.61783e-33 
2.50035e+08 2.65135e-33 2.64969e-33 2.65135e-33 2.64969e-33 2.65135e-33 2.64969e-33 
2.58226e+08 2.68354e-33 2.68191e-33 2.68354e-33 2.68191e-33 2.68354e-33 2.68191e-33 
2.66686e+08 2.71608e-33 2.71447e-33 2.71608e-33 2.71447e-33 2.71608e-33 2.71447e-33 
2.75423e+08 2.74897e-33 2.74739e-33 2.74897e-33 2.74739e-33 2.74897e-33 2.74739e-33 
2.84446e+08 2.78222e-33 2.78066e-33 2.78222e-33 2.78066e-33 2.78222e-33 2.78066e-33 
2.93765e+08 2.81583e-33 2.81429e-33 2.81583e-33 2.81429e-33 2.81583e-33 2.81429e-33 
3.03389e+08 2.8498e-33 2.84828e-33 2.8498e-33 2.84828e-33 2.8498e-33 2.84828e-33 
3.13329e+08 2.88414e-33 2.88264e-33 2.88414e-33 2.88264e-33 2.88414e-33 2.88264e-33 
3.23594e+08 2.91884e-33 2.91736e-33 2.91884e-33 2.91736e-33 2.91884e-33 2.91736e-33 
3.34195e+08 2.95392e-33 2.95246e-33 2.95392e-33 2.95246e-33 2.95392e-33 2.95246e-33 
3.45144e+08 2.98937e-33 2.98793e-33 2.98937e-33 2.98793e-33 2.98937e-33 2.98793e-33 
3.56451e+08 3.02519e-33 3.02377e-33 3.02519e-33 3.02377e-33 3.02519e-33 3.02377e-33 
3.68129e+08 3.06142e-33 3.06002e-33 3.06142e-33 3.06002e-33 3.06142e-33 3.06002e-33 
3.80189e+08 3.09803e-33 3.09665e-33 3.09803e-33 3.09665e-33 3.09803e-33 3.09665e-33 
3.92645e+08 3.13502e-33 3.13366e-33 3.13502e-33 3.13366e-33 3.13502e-33 3.13366e-33 
4.05509e+08 3.17241e-33 3.17107e-33 3.17241e-33 3.17107e-33 3.17241e-33 3.17107e-33 
4.18794e+08 3.2102e-33 3.20888e-33 3.2102e-33 3.20888e-33 3.2102e-33 3.20888e-33 
4.32514e+08 3.24839e-33 3.24709e-33 3.24839e-33 3.24709e-33 3.24839e-33 3.24709e-33 
4.46684e+08 3.28701e-33 3.28572e-33 3.28701e-33 3.28572e-33 3.28701e-33 3.28572e-33 
4.61318e+08 3.326e-33 3.32473e-33 3.326e-33 3.32473e-33 3.326e-33 3.32473e-33 
4.76431e+08 3.36543e-33 3.36418e-33 3.36543e-33 3.36418e-33 3.36543e-33 3.36418e-33 
4.9204e+08 3.40526e-33 3.40403e-33 3.40526e-33 3.40403e-33 3.40526e-33 3.40403e-33 
5.08159e+08 3.44553e-33 3.44431e-33 3.44553e-33 3.44431e-33 3.44553e-33 3.44431e-33 
5.24807e+08 3.48622e-33 3.48502e-33 3.48622e-33 3.48502e-33 3.48622e-33 3.48502e-33 
5.42001e+08 3.52734e-33 3.52616e-33 3.52734e-33 3.52616e-33 3.52734e-33 3.52616e-33 
5.59758e+08 3.56889e-33 3.56772e-33 3.56889e-33 3.56772e-33 3.56889e-33 3.56772e-33 
5.78096e+08 3.61088e-33 3.60973e-33 3.61088e-33 3.60973e-33 3.61088e-33 3.60973e-33 
5.97035e+08 3.65331e-33 3.65218e-33 3.65331e-33 3.65218e-33 3.65331e-33 3.65218e-33 
6.16595e+08 3.69619e-33 3.69507e-33 3.69619e-33 3.69507e-33 3.69619e-33 3.69507e-33 
6.36796e+08 3.73952e-33 3.73842e-33 3.73952e-33 3.73842e-33 3.73952e-33 3.73842e-33 
6.57658e+08 3.78331e-33 3.78222e-33 3.78331e-33 3.78222e-33 3.78331e-33 3.78222e-33 
6.79204e+08 3.82757e-33 3.82649e-33 3.82757e-33 3.82649e-33 3.82757e-33 3.82649e-33 
7.01455e+08 3.87228e-33 3.87122e-33 3.87228e-33 3.87122e-33 3.87228e-33 3.87122e-33 
7.24436e+08 3.91746e-33 3.91642e-33 3.91746e-33 3.91642e-33 3.91746e-33 3.91642e-33 
7.4817e+08 3.96311e-33 3.96208e-33 3.96311e-33 3.96208e-33 3.96311e-33 3.96208e-33 
7.72681e+08 4.00924e-33 4.00822e-33 4.00924e-33 4.00822e-33 4.00924e-33 4.00822e-33 
7.97995e+08 4.05585e-33 4.05485e-33 4.05585e-33 4.05485e-33 4.05585e-33 4.05485e-33 
8.24138e+08 4.10295e-33 4.10197e-33 4.10295e-33 4.10197e-33 4.10295e-33 4.10197e-33 
8.51138e+08 4.15054e-33 4.14957e-33 4.15054e-33 4.14957e-33 4.15054e-33 4.14957e-33 
8.79023e+08 4.19863e-33 4.19767e-33 4.19863e-33 4.19767e-33 4.19863e-33 4.19767e-33 
9.07821e+08 4.24722e-33 4.24627e-33 4.24722e-33 4.24627e-33 4.24722e-33 4.24627e-33 
9.37562e+08 4.29631e-33 4.29538e-33 4.29631e-33 4.29538e-33 4.29631e-33 4.29538e-33 
9.68278e+08 4.34593e-33 4.345e-33 4.34593e-33 4.345e-33 4.34593e-33 4.345e-33 
1e+09 4.39604e-33 4.39513e-33 4.39604e-33 4.39513e-33 4.39604e-33 4.39513e-33 
