100 9.01423e-37 2.45394e-37 9.01423e-37 2.45394e-37 7.0528e-37 1.70558e-37 
103.276 9.29747e-37 2.53745e-37 9.29747e-37 2.53745e-37 7.3173e-37 1.77656e-37 
106.66 9.58961e-37 2.62379e-37 9.58961e-37 2.62379e-37 7.59064e-37 1.8502e-37 
110.154 9.89096e-37 2.71308e-37 9.89096e-37 2.71308e-37 7.87309e-37 1.92662e-37 
113.763 1.02018e-36 2.80537e-37 1.02018e-36 2.80537e-37 8.16492e-37 2.00591e-37 
117.49 1.05223e-36 2.90081e-37 1.05223e-36 2.90081e-37 8.46643e-37 2.08817e-37 
121.339 1.0853e-36 2.99949e-37 1.0853e-36 2.99949e-37 8.77794e-37 2.1735e-37 
125.314 1.11941e-36 3.10152e-37 1.11941e-36 3.10152e-37 9.09974e-37 2.26201e-37 
129.42 1.15458e-36 3.20701e-37 1.15458e-36 3.20701e-37 9.43217e-37 2.35382e-37 
133.66 1.19086e-36 3.31608e-37 1.19086e-36 3.31608e-37 9.77556e-37 2.44902e-37 
138.038 1.22829e-36 3.42886e-37 1.22829e-36 3.42886e-37 1.01302e-36 2.54776e-37 
142.561 1.26688e-36 3.54544e-37 1.26688e-36 3.54544e-37 1.04966e-36 2.65014e-37 
147.231 1.30669e-36 3.66599e-37 1.30669e-36 3.66599e-37 1.08749e-36 2.7563e-37 
152.055 1.34774e-36 3.79063e-37 1.34774e-36 3.79063e-37 1.12656e-36 2.86636e-37 
157.036 1.39008e-36 3.91947e-37 1.39008e-36 3.91947e-37 1.1669e-36 2.98046e-37 
162.181 1.43375e-36 4.05272e-37 1.43375e-36 4.05272e-37 1.20857e-36 3.09873e-37 
167.494 1.47879e-36 4.19046e-37 1.47879e-36 4.19046e-37 1.25159e-36 3.22134e-37 
172.982 1.52524e-36 4.33287e-37 1.52524e-36 4.33287e-37 1.296e-36 3.34841e-37 
178.649 1.57314e-36 4.48011e-37 1.57314e-36 4.48011e-37 1.34186e-36 3.48011e-37 
184.502 1.62254e-36 4.63233e-37 1.62254e-36 4.63233e-37 1.38921e-36 3.61661e-37 
190.546 1.67348e-36 4.78971e-37 1.67348e-36 4.78971e-37 1.43809e-36 3.75805e-37 
196.789 1.72602e-36 4.9524e-37 1.72602e-36 4.9524e-37 1.48854e-36 3.90462e-37 
203.236 1.78019e-36 5.12061e-37 1.78019e-36 5.12061e-37 1.54063e-36 4.05649e-37 
209.894 1.83606e-36 5.2945e-37 1.83606e-36 5.2945e-37 1.59439e-36 4.21383e-37 
216.77 1.89367e-36 5.47428e-37 1.89367e-36 5.47428e-37 1.64988e-36 4.37685e-37 
223.872 1.95308e-36 5.66013e-37 1.95308e-36 5.66013e-37 1.70716e-36 4.54572e-37 
231.206 2.01433e-36 5.85227e-37 2.01433e-36 5.85227e-37 1.76627e-36 4.72066e-37 
238.781 2.0775e-36 6.05088e-37 2.0775e-36 6.05088e-37 1.82727e-36 4.90188e-37 
246.604 2.14263e-36 6.25619e-37 2.14263e-36 6.25619e-37 1.89024e-36 5.08958e-37 
254.683 2.20979e-36 6.46849e-37 2.20979e-36 6.46849e-37 1.95519e-36 5.28397e-37 
263.027 2.27903e-36 6.68792e-37 2.27903e-36 6.68792e-37 2.02223e-36 5.4853e-37 
271.644 2.35042e-36 6.91475e-37 2.35042e-36 6.91475e-37 2.09139e-36 5.69381e-37 
280.543 2.42402e-36 7.14924e-37 2.42402e-36 7.14924e-37 2.16276e-36 5.90973e-37 
289.734 2.49991e-36 7.39163e-37 2.49991e-36 7.39163e-37 2.2364e-36 6.13332e-37 
299.226 2.57815e-36 7.64217e-37 2.57815e-36 7.64217e-37 2.31236e-36 6.36483e-37 
309.03 2.6588e-36 7.90118e-37 2.6588e-36 7.90118e-37 2.39073e-36 6.60453e-37 
319.154 2.74195e-36 8.16888e-37 2.74195e-36 8.16888e-37 2.47157e-36 6.85271e-37 
329.61 2.82767e-36 8.44561e-37 2.82767e-36 8.44561e-37 2.55497e-36 7.10965e-37 
340.408 2.91602e-36 8.73165e-37 2.91602e-36 8.73165e-37 2.64099e-36 7.37563e-37 
351.56 3.00711e-36 9.0273e-37 3.00711e-36 9.0273e-37 2.72971e-36 7.65097e-37 
363.078 3.10099e-36 9.33287e-37 3.10099e-36 9.33287e-37 2.82122e-36 7.93598e-37 
374.973 3.19777e-36 9.64872e-37 3.19777e-36 9.64872e-37 2.9156e-36 8.23099e-37 
387.258 3.29751e-36 9.97516e-37 3.29751e-36 9.97516e-37 3.01293e-36 8.53633e-37 
399.945 3.40031e-36 1.03126e-36 3.40031e-36 1.03126e-36 3.1133e-36 8.85235e-37 
413.048 3.50627e-36 1.06613e-36 3.50627e-36 1.06613e-36 3.2168e-36 9.1794e-37 
426.58 3.61546e-36 1.10217e-36 3.61546e-36 1.10217e-36 3.32352e-36 9.51787e-37 
440.555 3.72799e-36 1.13941e-36 3.72799e-36 1.13941e-36 3.43356e-36 9.86811e-37 
454.988 3.84396e-36 1.17791e-36 3.84396e-36 1.17791e-36 3.54701e-36 1.02305e-36 
469.894 3.96346e-36 1.21769e-36 3.96346e-36 1.21769e-36 3.66397e-36 1.06055e-36 
485.289 4.08659e-36 1.2588e-36 4.08659e-36 1.2588e-36 3.78455e-36 1.09935e-36 
501.187 4.21347e-36 1.30128e-36 4.21347e-36 1.30128e-36 3.90884e-36 1.1395e-36 
517.607 4.34418e-36 1.34518e-36 4.34418e-36 1.34518e-36 4.03697e-36 1.18103e-36 
534.564 4.47887e-36 1.39054e-36 4.47887e-36 1.39054e-36 4.16903e-36 1.22399e-36 
552.077 4.61762e-36 1.43742e-36 4.61762e-36 1.43742e-36 4.30515e-36 1.26844e-36 
570.164 4.76056e-36 1.48585e-36 4.76056e-36 1.48585e-36 4.44541e-36 1.31442e-36 
588.844 4.9078e-36 1.5359e-36 4.9078e-36 1.5359e-36 4.58998e-36 1.36197e-36 
608.135 5.0595e-36 1.58761e-36 5.0595e-36 1.58761e-36 4.73892e-36 1.41116e-36 
628.058 5.2157e-36 1.64104e-36 5.2157e-36 1.64104e-36 4.89242e-36 1.46203e-36 
648.634 5.37661e-36 1.69624e-36 5.37661e-36 1.69624e-36 5.05057e-36 1.51464e-36 
669.885 5.54233e-36 1.75327e-36 5.54233e-36 1.75327e-36 5.2135e-36 1.56905e-36 
691.831 5.71301e-36 1.81219e-36 5.71301e-36 1.81219e-36 5.38136e-36 1.62531e-36 
714.496 5.88877e-36 1.87306e-36 5.88877e-36 1.87306e-36 5.55427e-36 1.6835e-36 
737.904 6.06972e-36 1.93594e-36 6.06972e-36 1.93594e-36 5.73238e-36 1.74366e-36 
762.079 6.25605e-36 2.0009e-36 6.25605e-36 2.0009e-36 5.91583e-36 1.80586e-36 
787.046 6.44791e-36 2.068e-36 6.44791e-36 2.068e-36 6.10477e-36 1.87017e-36 
812.831 6.64543e-36 2.13731e-36 6.64543e-36 2.13731e-36 6.29934e-36 1.93666e-36 
839.46 6.84874e-36 2.20892e-36 6.84874e-36 2.20892e-36 6.49971e-36 2.00539e-36 
866.962 7.05805e-36 2.28285e-36 7.05805e-36 2.28285e-36 6.70602e-36 2.07644e-36 
895.365 7.27348e-36 2.35923e-36 7.27348e-36 2.35923e-36 6.91841e-36 2.14989e-36 
924.698 7.49518e-36 2.43811e-36 7.49518e-36 2.43811e-36 7.13711e-36 2.2258e-36 
954.993 7.72338e-36 2.51958e-36 7.72338e-36 2.51958e-36 7.36223e-36 2.30426e-36 
986.279 7.9582e-36 2.60371e-36 7.9582e-36 2.60371e-36 7.59394e-36 2.38535e-36 
1018.59 8.19978e-36 2.69059e-36 8.19978e-36 2.69059e-36 7.83244e-36 2.46915e-36 
1051.96 8.44842e-36 2.78031e-36 8.44842e-36 2.78031e-36 8.07789e-36 2.55575e-36 
1086.43 8.7042e-36 2.87295e-36 8.7042e-36 2.87295e-36 8.33048e-36 2.64523e-36 
1122.02 8.96733e-36 2.96861e-36 8.96733e-36 2.96861e-36 8.59038e-36 2.7377e-36 
1158.78 9.23795e-36 3.06738e-36 9.23795e-36 3.06738e-36 8.85778e-36 2.83323e-36 
1196.74 9.51632e-36 3.16936e-36 9.51632e-36 3.16936e-36 9.1329e-36 2.93193e-36 
1235.95 9.80264e-36 3.27464e-36 9.80264e-36 3.27464e-36 9.41591e-36 3.0339e-36 
1276.44 1.0097e-35 3.38332e-36 1.0097e-35 3.38332e-36 9.70697e-36 3.13923e-36 
1318.26 1.03998e-35 3.49553e-36 1.03998e-35 3.49553e-36 1.00064e-35 3.24804e-36 
1361.44 1.0711e-35 3.61135e-36 1.0711e-35 3.61135e-36 1.03142e-35 3.36042e-36 
1406.05 1.1031e-35 3.73089e-36 1.1031e-35 3.73089e-36 1.06308e-35 3.4765e-36 
1452.11 1.136e-35 3.85429e-36 1.136e-35 3.85429e-36 1.09563e-35 3.59637e-36 
1499.68 1.16981e-35 3.98164e-36 1.16981e-35 3.98164e-36 1.12909e-35 3.72017e-36 
1548.82 1.20455e-35 4.11307e-36 1.20455e-35 4.11307e-36 1.16349e-35 3.84801e-36 
1599.56 1.24026e-35 4.2487e-36 1.24026e-35 4.2487e-36 1.19884e-35 3.98001e-36 
1651.96 1.27695e-35 4.38869e-36 1.27695e-35 4.38869e-36 1.23517e-35 4.11629e-36 
1706.08 1.31465e-35 4.53313e-36 1.31465e-35 4.53313e-36 1.27251e-35 4.257e-36 
1761.98 1.35338e-35 4.68216e-36 1.35338e-35 4.68216e-36 1.31087e-35 4.40226e-36 
1819.7 1.39316e-35 4.83592e-36 1.39316e-35 4.83592e-36 1.35028e-35 4.5522e-36 
1879.32 1.43401e-35 4.99456e-36 1.43401e-35 4.99456e-36 1.39076e-35 4.70698e-36 
1940.89 1.47596e-35 5.15821e-36 1.47596e-35 5.15821e-36 1.43234e-35 4.86672e-36 
2004.47 1.51904e-35 5.32704e-36 1.51904e-35 5.32704e-36 1.47504e-35 5.03159e-36 
2070.14 1.56327e-35 5.50117e-36 1.56327e-35 5.50117e-36 1.51889e-35 5.20171e-36 
2137.96 1.60868e-35 5.68078e-36 1.60868e-35 5.68078e-36 1.56391e-35 5.37729e-36 
2208 1.65528e-35 5.86602e-36 1.65528e-35 5.86602e-36 1.61013e-35 5.55844e-36 
2280.34 1.70311e-35 6.05704e-36 1.70311e-35 6.05704e-36 1.65756e-35 5.74533e-36 
2355.05 1.75219e-35 6.25405e-36 1.75219e-35 6.25405e-36 1.70625e-35 5.93816e-36 
2432.2 1.80255e-35 6.45718e-36 1.80255e-35 6.45718e-36 1.75621e-35 6.13706e-36 
2511.89 1.85421e-35 6.66662e-36 1.85421e-35 6.66662e-36 1.80747e-35 6.34223e-36 
2594.18 1.9072e-35 6.88256e-36 1.9072e-35 6.88256e-36 1.86006e-35 6.55383e-36 
2679.17 1.96155e-35 7.10517e-36 1.96155e-35 7.10517e-36 1.914e-35 6.77206e-36 
2766.94 2.01729e-35 7.33464e-36 2.01729e-35 7.33464e-36 1.96932e-35 6.99713e-36 
2857.59 2.07444e-35 7.57118e-36 2.07444e-35 7.57118e-36 2.02605e-35 7.22919e-36 
2951.21 2.13302e-35 7.81496e-36 2.13302e-35 7.81496e-36 2.08422e-35 7.46847e-36 
3047.89 2.19308e-35 8.06621e-36 2.19308e-35 8.06621e-36 2.14385e-35 7.71511e-36 
3147.75 2.25463e-35 8.32513e-36 2.25463e-35 8.32513e-36 2.20497e-35 7.96944e-36 
3250.87 2.31769e-35 8.59191e-36 2.31769e-35 8.59191e-36 2.26761e-35 8.23155e-36 
3357.38 2.38232e-35 8.8668e-36 2.38232e-35 8.8668e-36 2.33179e-35 8.50172e-36 
3467.37 2.44852e-35 9.15e-36 2.44852e-35 9.15e-36 2.39755e-35 8.78014e-36 
3580.96 2.51633e-35 9.44172e-36 2.51633e-35 9.44172e-36 2.46492e-35 9.06707e-36 
3698.28 2.58577e-35 9.74224e-36 2.58577e-35 9.74224e-36 2.53391e-35 9.36268e-36 
3819.44 2.65687e-35 1.00518e-35 2.65687e-35 1.00518e-35 2.60457e-35 9.6673e-36 
3944.57 2.72968e-35 1.03705e-35 2.72968e-35 1.03705e-35 2.67691e-35 9.98108e-36 
4073.8 2.8042e-35 1.06988e-35 2.8042e-35 1.06988e-35 2.75098e-35 1.03043e-35 
4207.27 2.88048e-35 1.10368e-35 2.88048e-35 1.10368e-35 2.82679e-35 1.06373e-35 
4345.1 2.95854e-35 1.13848e-35 2.95854e-35 1.13848e-35 2.90438e-35 1.09801e-35 
4487.45 3.0384e-35 1.17431e-35 3.0384e-35 1.17431e-35 2.98377e-35 1.13332e-35 
4634.47 3.1201e-35 1.21119e-35 3.1201e-35 1.21119e-35 3.065e-35 1.16968e-35 
4786.3 3.20367e-35 1.24915e-35 3.20367e-35 1.24915e-35 3.14809e-35 1.20712e-35 
4943.11 3.28913e-35 1.28822e-35 3.28913e-35 1.28822e-35 3.23307e-35 1.24565e-35 
5105.05 3.37652e-35 1.32843e-35 3.37652e-35 1.32843e-35 3.31997e-35 1.28532e-35 
5272.3 3.46587e-35 1.3698e-35 3.46587e-35 1.3698e-35 3.40882e-35 1.32614e-35 
5445.03 3.5572e-35 1.41237e-35 3.5572e-35 1.41237e-35 3.49965e-35 1.36816e-35 
5623.41 3.65054e-35 1.45616e-35 3.65054e-35 1.45616e-35 3.59249e-35 1.41139e-35 
5807.64 3.74592e-35 1.50121e-35 3.74592e-35 1.50121e-35 3.68736e-35 1.45588e-35 
5997.91 3.84337e-35 1.54754e-35 3.84337e-35 1.54754e-35 3.7843e-35 1.50164e-35 
6194.41 3.94292e-35 1.59519e-35 3.94292e-35 1.59519e-35 3.88333e-35 1.54872e-35 
6397.35 4.04459e-35 1.6442e-35 4.04459e-35 1.6442e-35 3.98449e-35 1.59714e-35 
6606.93 4.14842e-35 1.69458e-35 4.14842e-35 1.69458e-35 4.08779e-35 1.64694e-35 
6823.39 4.25443e-35 1.74638e-35 4.25443e-35 1.74638e-35 4.19328e-35 1.69815e-35 
7046.93 4.36266e-35 1.79963e-35 4.36266e-35 1.79963e-35 4.30097e-35 1.7508e-35 
7277.8 4.47314e-35 1.85437e-35 4.47314e-35 1.85437e-35 4.4109e-35 1.80493e-35 
7516.23 4.58587e-35 1.91062e-35 4.58587e-35 1.91062e-35 4.5231e-35 1.86058e-35 
7762.47 4.70092e-35 1.96843e-35 4.70092e-35 1.96843e-35 4.63759e-35 1.91777e-35 
8016.78 4.81828e-35 2.02783e-35 4.81828e-35 2.02783e-35 4.7544e-35 1.97655e-35 
8279.42 4.938e-35 2.08886e-35 4.938e-35 2.08886e-35 4.87356e-35 2.03695e-35 
8550.67 5.0601e-35 2.15155e-35 5.0601e-35 2.15155e-35 4.9951e-35 2.09901e-35 
8830.8 5.18462e-35 2.21594e-35 5.18462e-35 2.21594e-35 5.11905e-35 2.16277e-35 
9120.11 5.31158e-35 2.28208e-35 5.31158e-35 2.28208e-35 5.24542e-35 2.22826e-35 
9418.9 5.44099e-35 2.34999e-35 5.44099e-35 2.34999e-35 5.37426e-35 2.29552e-35 
9727.47 5.5729e-35 2.41973e-35 5.5729e-35 2.41973e-35 5.50559e-35 2.3646e-35 
10046.2 5.70734e-35 2.49132e-35 5.70734e-35 2.49132e-35 5.63943e-35 2.43552e-35 
10375.3 5.84433e-35 2.56482e-35 5.84433e-35 2.56482e-35 5.77582e-35 2.50835e-35 
10715.2 5.9839e-35 2.64025e-35 5.9839e-35 2.64025e-35 5.91479e-35 2.58311e-35 
11066.2 6.12605e-35 2.71767e-35 6.12605e-35 2.71767e-35 6.05634e-35 2.65984e-35 
11428.8 6.27087e-35 2.79711e-35 6.27087e-35 2.79711e-35 6.20053e-35 2.7386e-35 
11803.2 6.41832e-35 2.87862e-35 6.41832e-35 2.87862e-35 6.34738e-35 2.81941e-35 
12189.9 6.56848e-35 2.96224e-35 6.56848e-35 2.96224e-35 6.4969e-35 2.90233e-35 
12589.3 6.72134e-35 3.04802e-35 6.72134e-35 3.04802e-35 6.64913e-35 2.9874e-35 
13001.7 6.87693e-35 3.136e-35 6.87693e-35 3.136e-35 6.8041e-35 3.07466e-35 
13427.6 7.03531e-35 3.22622e-35 7.03531e-35 3.22622e-35 6.96184e-35 3.16416e-35 
13867.6 7.19649e-35 3.31873e-35 7.19649e-35 3.31873e-35 7.12239e-35 3.25594e-35 
14321.9 7.36047e-35 3.41358e-35 7.36047e-35 3.41358e-35 7.2857e-35 3.35006e-35 
14791.1 7.52733e-35 3.51081e-35 7.52733e-35 3.51081e-35 7.45188e-35 3.44655e-35 
15275.7 7.69705e-35 3.61048e-35 7.69705e-35 3.61048e-35 7.62096e-35 3.54546e-35 
15776.1 7.8697e-35 3.71261e-35 7.8697e-35 3.71261e-35 7.79292e-35 3.64685e-35 
16293 8.04528e-35 3.81729e-35 8.04528e-35 3.81729e-35 7.96782e-35 3.75075e-35 
16826.7 8.22381e-35 3.92452e-35 8.22381e-35 3.92452e-35 8.14567e-35 3.85722e-35 
17378 8.40537e-35 4.03438e-35 8.40537e-35 4.03438e-35 8.32651e-35 3.96631e-35 
17947.3 8.58991e-35 4.14693e-35 8.58991e-35 4.14693e-35 8.51038e-35 4.07807e-35 
18535.3 8.7775e-35 4.26219e-35 8.7775e-35 4.26219e-35 8.69727e-35 4.19254e-35 
19142.6 8.96818e-35 4.38023e-35 8.96818e-35 4.38023e-35 8.88725e-35 4.30978e-35 
19769.7 9.16199e-35 4.50109e-35 9.16199e-35 4.50109e-35 9.08032e-35 4.42984e-35 
20417.4 9.35892e-35 4.62484e-35 9.35892e-35 4.62484e-35 9.27653e-35 4.55277e-35 
21086.3 9.55902e-35 4.75151e-35 9.55902e-35 4.75151e-35 9.47589e-35 4.67863e-35 
21777.1 9.76232e-35 4.88117e-35 9.76232e-35 4.88117e-35 9.67846e-35 4.80747e-35 
22490.5 9.96883e-35 5.01389e-35 9.96883e-35 5.01389e-35 9.88424e-35 4.93932e-35 
23227.4 1.01786e-34 5.14965e-35 1.01786e-34 5.14965e-35 1.00933e-34 5.07427e-35 
23988.3 1.03917e-34 5.28858e-35 1.03917e-34 5.28858e-35 1.03056e-34 5.21235e-35 
24774.2 1.06081e-34 5.43071e-35 1.06081e-34 5.43071e-35 1.05212e-34 5.35363e-35 
25585.9 1.08279e-34 5.57609e-35 1.08279e-34 5.57609e-35 1.07402e-34 5.49815e-35 
26424.1 1.1051e-34 5.72479e-35 1.1051e-34 5.72479e-35 1.09626e-34 5.64598e-35 
27289.8 1.12775e-34 5.87685e-35 1.12775e-34 5.87685e-35 1.11883e-34 5.79717e-35 
28183.8 1.15076e-34 6.03234e-35 1.15076e-34 6.03234e-35 1.14176e-34 5.95176e-35 
29107.2 1.17411e-34 6.1913e-35 1.17411e-34 6.1913e-35 1.16503e-34 6.10985e-35 
30060.8 1.19781e-34 6.35381e-35 1.19781e-34 6.35381e-35 1.18865e-34 6.27145e-35 
31045.6 1.22187e-34 6.51992e-35 1.22187e-34 6.51992e-35 1.21262e-34 6.43665e-35 
32062.7 1.24629e-34 6.68968e-35 1.24629e-34 6.68968e-35 1.23696e-34 6.60549e-35 
33113.1 1.27107e-34 6.86316e-35 1.27107e-34 6.86316e-35 1.26166e-34 6.77805e-35 
34197.9 1.29622e-34 7.04041e-35 1.29622e-34 7.04041e-35 1.28672e-34 6.95436e-35 
35318.3 1.32174e-34 7.22151e-35 1.32174e-34 7.22151e-35 1.31215e-34 7.13452e-35 
36475.4 1.34763e-34 7.40649e-35 1.34763e-34 7.40649e-35 1.33796e-34 7.31855e-35 
37670.4 1.3739e-34 7.59543e-35 1.3739e-34 7.59543e-35 1.36414e-34 7.50654e-35 
38904.5 1.40055e-34 7.78839e-35 1.40055e-34 7.78839e-35 1.39071e-34 7.69853e-35 
40179.1 1.42759e-34 7.98543e-35 1.42759e-34 7.98543e-35 1.41766e-34 7.89461e-35 
41495.4 1.45502e-34 8.18662e-35 1.45502e-34 8.18662e-35 1.445e-34 8.09481e-35 
42854.9 1.48285e-34 8.392e-35 1.48285e-34 8.392e-35 1.47273e-34 8.29921e-35 
44258.8 1.51107e-34 8.60167e-35 1.51107e-34 8.60167e-35 1.50087e-34 8.50788e-35 
45708.8 1.5397e-34 8.81567e-35 1.5397e-34 8.81567e-35 1.5294e-34 8.72087e-35 
47206.3 1.56873e-34 9.03407e-35 1.56873e-34 9.03407e-35 1.55834e-34 8.93826e-35 
48752.8 1.59818e-34 9.25693e-35 1.59818e-34 9.25693e-35 1.5877e-34 9.16008e-35 
50350.1 1.62804e-34 9.48432e-35 1.62804e-34 9.48432e-35 1.61746e-34 9.38645e-35 
51999.6 1.65833e-34 9.7163e-35 1.65833e-34 9.7163e-35 1.64765e-34 9.6174e-35 
53703.2 1.68904e-34 9.95295e-35 1.68904e-34 9.95295e-35 1.67827e-34 9.853e-35 
55462.6 1.72018e-34 1.01943e-34 1.72018e-34 1.01943e-34 1.70932e-34 1.00933e-34 
57279.6 1.75177e-34 1.04406e-34 1.75177e-34 1.04406e-34 1.7408e-34 1.03384e-34 
59156.2 1.78379e-34 1.06916e-34 1.78379e-34 1.06916e-34 1.77273e-34 1.05884e-34 
61094.2 1.81626e-34 1.09475e-34 1.81626e-34 1.09475e-34 1.8051e-34 1.08433e-34 
63095.7 1.84918e-34 1.12085e-34 1.84918e-34 1.12085e-34 1.83791e-34 1.11032e-34 
65162.8 1.88257e-34 1.14746e-34 1.88257e-34 1.14746e-34 1.8712e-34 1.13681e-34 
67297.7 1.91641e-34 1.17458e-34 1.91641e-34 1.17458e-34 1.90494e-34 1.16382e-34 
69502.4 1.95072e-34 1.20222e-34 1.95072e-34 1.20222e-34 1.93915e-34 1.19135e-34 
71779.4 1.98551e-34 1.23039e-34 1.98551e-34 1.23039e-34 1.97383e-34 1.21941e-34 
74131 2.02077e-34 1.2591e-34 2.02077e-34 1.2591e-34 2.00899e-34 1.248e-34 
76559.7 2.05653e-34 1.28835e-34 2.05653e-34 1.28835e-34 2.04464e-34 1.27714e-34 
79067.9 2.09278e-34 1.31815e-34 2.09278e-34 1.31815e-34 2.08078e-34 1.30682e-34 
81658.2 2.12952e-34 1.3485e-34 2.12952e-34 1.3485e-34 2.11741e-34 1.33706e-34 
84333.5 2.16676e-34 1.37943e-34 2.16676e-34 1.37943e-34 2.15456e-34 1.36787e-34 
87096.4 2.20454e-34 1.41092e-34 2.20454e-34 1.41092e-34 2.1922e-34 1.39925e-34 
89949.8 2.24282e-34 1.443e-34 2.24282e-34 1.443e-34 2.23036e-34 1.4312e-34 
92896.6 2.28162e-34 1.47567e-34 2.28162e-34 1.47567e-34 2.26907e-34 1.46375e-34 
95940.1 2.32093e-34 1.50893e-34 2.32093e-34 1.50893e-34 2.30829e-34 1.49689e-34 
99083.2 2.36084e-34 1.54279e-34 2.36084e-34 1.54279e-34 2.34805e-34 1.53063e-34 
102329 2.40126e-34 1.57727e-34 2.40126e-34 1.57727e-34 2.38835e-34 1.56498e-34 
105682 2.44223e-34 1.61237e-34 2.44223e-34 1.61237e-34 2.4292e-34 1.59995e-34 
109144 2.48377e-34 1.64809e-34 2.48377e-34 1.64809e-34 2.47063e-34 1.63555e-34 
112720 2.52587e-34 1.68445e-34 2.52587e-34 1.68445e-34 2.5126e-34 1.67178e-34 
116413 2.56854e-34 1.72145e-34 2.56854e-34 1.72145e-34 2.55516e-34 1.70866e-34 
120226 2.6118e-34 1.7591e-34 2.6118e-34 1.7591e-34 2.5983e-34 1.74618e-34 
124165 2.65564e-34 1.79742e-34 2.65564e-34 1.79742e-34 2.64202e-34 1.78437e-34 
128233 2.70009e-34 1.8364e-34 2.70009e-34 1.8364e-34 2.68634e-34 1.82322e-34 
132434 2.74514e-34 1.87606e-34 2.74514e-34 1.87606e-34 2.73127e-34 1.86275e-34 
136773 2.7908e-34 1.91641e-34 2.7908e-34 1.91641e-34 2.77681e-34 1.90296e-34 
141254 2.83709e-34 1.95745e-34 2.83709e-34 1.95745e-34 2.82296e-34 1.94386e-34 
145881 2.88401e-34 1.99919e-34 2.88401e-34 1.99919e-34 2.86976e-34 1.98547e-34 
150661 2.93156e-34 2.04164e-34 2.93156e-34 2.04164e-34 2.91718e-34 2.02779e-34 
155597 2.97977e-34 2.08482e-34 2.97977e-34 2.08482e-34 2.96526e-34 2.07082e-34 
160694 3.02863e-34 2.12872e-34 3.02863e-34 2.12872e-34 3.01398e-34 2.11458e-34 
165959 3.07816e-34 2.17336e-34 3.07816e-34 2.17336e-34 3.06338e-34 2.15908e-34 
171396 3.12836e-34 2.21875e-34 3.12836e-34 2.21875e-34 3.11344e-34 2.20434e-34 
177011 3.17924e-34 2.2649e-34 3.17924e-34 2.2649e-34 3.16419e-34 2.25034e-34 
182810 3.23081e-34 2.3118e-34 3.23081e-34 2.3118e-34 3.21563e-34 2.2971e-34 
188799 3.2831e-34 2.35949e-34 3.2831e-34 2.35949e-34 3.26777e-34 2.34465e-34 
194984 3.33608e-34 2.40796e-34 3.33608e-34 2.40796e-34 3.32062e-34 2.39297e-34 
201372 3.38979e-34 2.45722e-34 3.38979e-34 2.45722e-34 3.37419e-34 2.44209e-34 
207970 3.44423e-34 2.5073e-34 3.44423e-34 2.5073e-34 3.42848e-34 2.49201e-34 
214783 3.49942e-34 2.55818e-34 3.49942e-34 2.55818e-34 3.48353e-34 2.54274e-34 
221820 3.55535e-34 2.60988e-34 3.55535e-34 2.60988e-34 3.53931e-34 2.5943e-34 
229087 3.61204e-34 2.66242e-34 3.61204e-34 2.66242e-34 3.59586e-34 2.64669e-34 
236592 3.66951e-34 2.71581e-34 3.66951e-34 2.71581e-34 3.65318e-34 2.69992e-34 
244343 3.72776e-34 2.77004e-34 3.72776e-34 2.77004e-34 3.71128e-34 2.754e-34 
252348 3.7868e-34 2.82514e-34 3.7868e-34 2.82514e-34 3.77017e-34 2.80894e-34 
260615 3.84664e-34 2.88112e-34 3.84664e-34 2.88112e-34 3.82986e-34 2.86475e-34 
269153 3.9073e-34 2.93798e-34 3.9073e-34 2.93798e-34 3.89037e-34 2.92146e-34 
277971 3.96878e-34 2.99573e-34 3.96878e-34 2.99573e-34 3.95169e-34 2.97906e-34 
287078 4.03109e-34 3.0544e-34 4.03109e-34 3.0544e-34 4.01385e-34 3.03756e-34 
296483 4.09426e-34 3.11397e-34 4.09426e-34 3.11397e-34 4.07686e-34 3.09697e-34 
306196 4.15828e-34 3.17447e-34 4.15828e-34 3.17447e-34 4.14073e-34 3.15732e-34 
316228 4.22318e-34 3.23592e-34 4.22318e-34 3.23592e-34 4.20546e-34 3.2186e-34 
326588 4.28893e-34 3.29831e-34 4.28893e-34 3.29831e-34 4.27108e-34 3.28082e-34 
337287 4.35562e-34 3.36167e-34 4.35562e-34 3.36167e-34 4.33758e-34 3.34401e-34 
348337 4.4232e-34 3.426e-34 4.4232e-34 3.426e-34 4.405e-34 3.40817e-34 
359749 4.49169e-34 3.49131e-34 4.49169e-34 3.49131e-34 4.47332e-34 3.47331e-34 
371535 4.56111e-34 3.55761e-34 4.56111e-34 3.55761e-34 4.54258e-34 3.53945e-34 
383707 4.63147e-34 3.62493e-34 4.63147e-34 3.62493e-34 4.61278e-34 3.60659e-34 
396278 4.7028e-34 3.69327e-34 4.7028e-34 3.69327e-34 4.68393e-34 3.67475e-34 
409261 4.77508e-34 3.76264e-34 4.77508e-34 3.76264e-34 4.75604e-34 3.74394e-34 
422669 4.84835e-34 3.83304e-34 4.84835e-34 3.83304e-34 4.82914e-34 3.81418e-34 
436516 4.92261e-34 3.90451e-34 4.92261e-34 3.90451e-34 4.90322e-34 3.88546e-34 
450817 4.99788e-34 3.97704e-34 4.99788e-34 3.97704e-34 4.97832e-34 3.95782e-34 
465586 5.07417e-34 4.05065e-34 5.07417e-34 4.05065e-34 5.05443e-34 4.03125e-34 
480839 5.15148e-34 4.12536e-34 5.15148e-34 4.12536e-34 5.13157e-34 4.10578e-34 
496592 5.22985e-34 4.20118e-34 5.22985e-34 4.20118e-34 5.20976e-34 4.18141e-34 
512861 5.30928e-34 4.27811e-34 5.30928e-34 4.27811e-34 5.28901e-34 4.25816e-34 
529663 5.38979e-34 4.35618e-34 5.38979e-34 4.35618e-34 5.36932e-34 4.33604e-34 
547016 5.47137e-34 4.4354e-34 5.47137e-34 4.4354e-34 5.45073e-34 4.41506e-34 
564937 5.55406e-34 4.51576e-34 5.55406e-34 4.51576e-34 5.53323e-34 4.49525e-34 
583445 5.63787e-34 4.59731e-34 5.63787e-34 4.59731e-34 5.61685e-34 4.5766e-34 
602560 5.72281e-34 4.68004e-34 5.72281e-34 4.68004e-34 5.7016e-34 4.65914e-34 
622300 5.80889e-34 4.76397e-34 5.80889e-34 4.76397e-34 5.7875e-34 4.74287e-34 
642688 5.89613e-34 4.8491e-34 5.89613e-34 4.8491e-34 5.87455e-34 4.82782e-34 
663743 5.98455e-34 4.93551e-34 5.98455e-34 4.93551e-34 5.96277e-34 4.91399e-34 
685488 6.07415e-34 5.02309e-34 6.07415e-34 5.02309e-34 6.05219e-34 5.00141e-34 
707946 6.16497e-34 5.11197e-34 6.16497e-34 5.11197e-34 6.1428e-34 5.09008e-34 
731139 6.25701e-34 5.20211e-34 6.25701e-34 5.20211e-34 6.23464e-34 5.18002e-34 
755092 6.35028e-34 5.29354e-34 6.35028e-34 5.29354e-34 6.32771e-34 5.27125e-34 
779830 6.44481e-34 5.38627e-34 6.44481e-34 5.38627e-34 6.42203e-34 5.36377e-34 
805378 6.54059e-34 5.48031e-34 6.54059e-34 5.48031e-34 6.51761e-34 5.4576e-34 
831764 6.63766e-34 5.57569e-34 6.63766e-34 5.57569e-34 6.61449e-34 5.55278e-34 
859014 6.73603e-34 5.67241e-34 6.73603e-34 5.67241e-34 6.71265e-34 5.64929e-34 
887156 6.83572e-34 5.77049e-34 6.83572e-34 5.77049e-34 6.81213e-34 5.74716e-34 
916220 6.93674e-34 5.86995e-34 6.93674e-34 5.86995e-34 6.91294e-34 5.84641e-34 
946237 7.03911e-34 5.97081e-34 7.03911e-34 5.97081e-34 7.0151e-34 5.94705e-34 
977237 7.14285e-34 6.07308e-34 7.14285e-34 6.07308e-34 7.11862e-34 6.0491e-34 
1.00925e+06 7.24796e-34 6.17677e-34 7.24796e-34 6.17677e-34 7.22353e-34 6.15257e-34 
1.04232e+06 7.35447e-34 6.28189e-34 7.35447e-34 6.28189e-34 7.32983e-34 6.25748e-34 
1.07647e+06 7.46242e-34 6.38849e-34 7.46242e-34 6.38849e-34 7.43755e-34 6.36386e-34 
1.11173e+06 7.5718e-34 6.49656e-34 7.5718e-34 6.49656e-34 7.5467e-34 6.4717e-34 
1.14815e+06 7.68263e-34 6.60613e-34 7.68263e-34 6.60613e-34 7.65731e-34 6.58103e-34 
1.18577e+06 7.79491e-34 6.71718e-34 7.79491e-34 6.71718e-34 7.76937e-34 6.69188e-34 
1.22462e+06 7.90869e-34 6.82978e-34 7.90869e-34 6.82978e-34 7.88292e-34 6.80425e-34 
1.26474e+06 8.02399e-34 6.94392e-34 8.02399e-34 6.94392e-34 7.99799e-34 6.91815e-34 
1.30617e+06 8.14079e-34 7.05962e-34 8.14079e-34 7.05962e-34 8.11457e-34 7.03362e-34 
1.34896e+06 8.25915e-34 7.1769e-34 8.25915e-34 7.1769e-34 8.2327e-34 7.15066e-34 
1.39316e+06 8.37907e-34 7.29578e-34 8.37907e-34 7.29578e-34 8.35239e-34 7.26931e-34 
1.4388e+06 8.50057e-34 7.41628e-34 8.50057e-34 7.41628e-34 8.47365e-34 7.38956e-34 
1.48594e+06 8.62366e-34 7.5384e-34 8.62366e-34 7.5384e-34 8.59651e-34 7.51145e-34 
1.53462e+06 8.74838e-34 7.66219e-34 8.74838e-34 7.66219e-34 8.72099e-34 7.63499e-34 
1.58489e+06 8.87473e-34 7.78764e-34 8.87473e-34 7.78764e-34 8.84711e-34 7.7602e-34 
1.63682e+06 9.00275e-34 7.91477e-34 9.00275e-34 7.91477e-34 8.97488e-34 7.88709e-34 
1.69044e+06 9.13244e-34 8.04362e-34 9.13244e-34 8.04362e-34 9.1043e-34 8.01569e-34 
1.74582e+06 9.26382e-34 8.17419e-34 9.26382e-34 8.17419e-34 9.23546e-34 8.14602e-34 
1.80302e+06 9.39694e-34 8.30654e-34 9.39694e-34 8.30654e-34 9.36833e-34 8.2781e-34 
1.86209e+06 9.53179e-34 8.44062e-34 9.53179e-34 8.44062e-34 9.50292e-34 8.41194e-34 
1.92309e+06 9.66839e-34 8.5765e-34 9.66839e-34 8.5765e-34 9.63927e-34 8.54757e-34 
1.98609e+06 9.80678e-34 8.71419e-34 9.80678e-34 8.71419e-34 9.77741e-34 8.685e-34 
2.05116e+06 9.94696e-34 8.85371e-34 9.94696e-34 8.85371e-34 9.91733e-34 8.82426e-34 
2.11836e+06 1.0089e-33 8.99506e-34 1.0089e-33 8.99506e-34 1.00591e-33 8.96537e-34 
2.18776e+06 1.02328e-33 9.1383e-34 1.02328e-33 9.1383e-34 1.02027e-33 9.10833e-34 
2.25944e+06 1.03785e-33 9.28342e-34 1.03785e-33 9.28342e-34 1.03481e-33 9.25319e-34 
2.33346e+06 1.05263e-33 9.43045e-34 1.05263e-33 9.43045e-34 1.04955e-33 9.39997e-34 
2.40991e+06 1.06756e-33 9.57943e-34 1.06756e-33 9.57943e-34 1.06447e-33 9.54866e-34 
2.48886e+06 1.08271e-33 9.73035e-34 1.08271e-33 9.73035e-34 1.07959e-33 9.69931e-34 
2.5704e+06 1.09805e-33 9.88326e-34 1.09805e-33 9.88326e-34 1.0949e-33 9.85194e-34 
2.65461e+06 1.11359e-33 1.00381e-33 1.11359e-33 1.00381e-33 1.11041e-33 1.00066e-33 
2.74157e+06 1.12932e-33 1.01951e-33 1.12932e-33 1.01951e-33 1.12612e-33 1.01632e-33 
2.83139e+06 1.14526e-33 1.0354e-33 1.14526e-33 1.0354e-33 1.14203e-33 1.03219e-33 
2.92415e+06 1.1614e-33 1.05149e-33 1.1614e-33 1.05149e-33 1.15815e-33 1.04826e-33 
3.01995e+06 1.17775e-33 1.06781e-33 1.17775e-33 1.06781e-33 1.17447e-33 1.06454e-33 
3.11889e+06 1.19431e-33 1.08434e-33 1.19431e-33 1.08434e-33 1.191e-33 1.08104e-33 
3.22107e+06 1.21108e-33 1.10107e-33 1.21108e-33 1.10107e-33 1.20774e-33 1.09774e-33 
3.3266e+06 1.22807e-33 1.11802e-33 1.22807e-33 1.11802e-33 1.22469e-33 1.11467e-33 
3.43558e+06 1.24527e-33 1.13519e-33 1.24527e-33 1.13519e-33 1.24187e-33 1.13181e-33 
3.54813e+06 1.26269e-33 1.15258e-33 1.26269e-33 1.15258e-33 1.25926e-33 1.14917e-33 
3.66438e+06 1.28033e-33 1.1702e-33 1.28033e-33 1.1702e-33 1.27687e-33 1.16675e-33 
3.78443e+06 1.29819e-33 1.18804e-33 1.29819e-33 1.18804e-33 1.2947e-33 1.18456e-33 
3.90841e+06 1.31628e-33 1.2061e-33 1.31628e-33 1.2061e-33 1.31276e-33 1.2026e-33 
4.03645e+06 1.3346e-33 1.2244e-33 1.3346e-33 1.2244e-33 1.33105e-33 1.22086e-33 
4.16869e+06 1.35316e-33 1.24293e-33 1.35316e-33 1.24293e-33 1.34957e-33 1.23936e-33 
4.30527e+06 1.37194e-33 1.26169e-33 1.37194e-33 1.26169e-33 1.36833e-33 1.2581e-33 
4.44631e+06 1.39096e-33 1.2807e-33 1.39096e-33 1.2807e-33 1.38732e-33 1.27707e-33 
4.59198e+06 1.41022e-33 1.29994e-33 1.41022e-33 1.29994e-33 1.40655e-33 1.29628e-33 
4.74242e+06 1.42972e-33 1.31943e-33 1.42972e-33 1.31943e-33 1.42602e-33 1.31574e-33 
4.89779e+06 1.44947e-33 1.33916e-33 1.44947e-33 1.33916e-33 1.44574e-33 1.33544e-33 
5.05825e+06 1.46947e-33 1.35914e-33 1.46947e-33 1.35914e-33 1.4657e-33 1.35539e-33 
5.22396e+06 1.48973e-33 1.37938e-33 1.48973e-33 1.37938e-33 1.48591e-33 1.37559e-33 
5.39511e+06 1.51021e-33 1.39986e-33 1.51021e-33 1.39986e-33 1.50637e-33 1.39604e-33 
5.57186e+06 1.53096e-33 1.42061e-33 1.53096e-33 1.42061e-33 1.5271e-33 1.41676e-33 
5.7544e+06 1.55197e-33 1.44161e-33 1.55197e-33 1.44161e-33 1.54807e-33 1.43773e-33 
5.94292e+06 1.57324e-33 1.46288e-33 1.57324e-33 1.46288e-33 1.56931e-33 1.45896e-33 
6.13762e+06 1.59478e-33 1.48441e-33 1.59478e-33 1.48441e-33 1.59082e-33 1.48045e-33 
6.3387e+06 1.61658e-33 1.50621e-33 1.61658e-33 1.50621e-33 1.61258e-33 1.50222e-33 
6.54636e+06 1.63865e-33 1.52827e-33 1.63865e-33 1.52827e-33 1.63462e-33 1.52425e-33 
6.76083e+06 1.661e-33 1.55062e-33 1.661e-33 1.55062e-33 1.65694e-33 1.54656e-33 
6.98232e+06 1.68362e-33 1.57324e-33 1.68362e-33 1.57324e-33 1.67952e-33 1.56915e-33 
7.21107e+06 1.70652e-33 1.59614e-33 1.70652e-33 1.59614e-33 1.70239e-33 1.59201e-33 
7.44732e+06 1.72971e-33 1.61932e-33 1.72971e-33 1.61932e-33 1.72554e-33 1.61516e-33 
7.6913e+06 1.75317e-33 1.64279e-33 1.75317e-33 1.64279e-33 1.74897e-33 1.63859e-33 
7.94328e+06 1.77693e-33 1.66654e-33 1.77693e-33 1.66654e-33 1.77269e-33 1.66231e-33 
8.20352e+06 1.80098e-33 1.69059e-33 1.80098e-33 1.69059e-33 1.7967e-33 1.68632e-33 
8.47227e+06 1.82531e-33 1.71494e-33 1.82531e-33 1.71494e-33 1.821e-33 1.71063e-33 
8.74984e+06 1.84995e-33 1.73958e-33 1.84995e-33 1.73958e-33 1.8456e-33 1.73524e-33 
9.03649e+06 1.87489e-33 1.76452e-33 1.87489e-33 1.76452e-33 1.8705e-33 1.76014e-33 
9.33254e+06 1.90013e-33 1.78977e-33 1.90013e-33 1.78977e-33 1.89571e-33 1.78535e-33 
9.63829e+06 1.92568e-33 1.81532e-33 1.92568e-33 1.81532e-33 1.92122e-33 1.81087e-33 
9.95405e+06 1.95153e-33 1.84118e-33 1.95153e-33 1.84118e-33 1.94703e-33 1.8367e-33 
1.02802e+07 1.97771e-33 1.86736e-33 1.97771e-33 1.86736e-33 1.97317e-33 1.86284e-33 
1.0617e+07 2.0042e-33 1.89386e-33 2.0042e-33 1.89386e-33 1.99962e-33 1.88929e-33 
1.09648e+07 2.03101e-33 1.92068e-33 2.03101e-33 1.92068e-33 2.02639e-33 1.91607e-33 
1.1324e+07 2.05814e-33 1.94782e-33 2.05814e-33 1.94782e-33 2.05348e-33 1.94317e-33 
1.1695e+07 2.0856e-33 1.97529e-33 2.0856e-33 1.97529e-33 2.0809e-33 1.9706e-33 
1.20781e+07 2.11338e-33 2.00309e-33 2.11338e-33 2.00309e-33 2.10865e-33 1.99836e-33 
1.24738e+07 2.14151e-33 2.03122e-33 2.14151e-33 2.03122e-33 2.13673e-33 2.02646e-33 
1.28825e+07 2.16997e-33 2.0597e-33 2.16997e-33 2.0597e-33 2.16515e-33 2.05489e-33 
1.33045e+07 2.19877e-33 2.08851e-33 2.19877e-33 2.08851e-33 2.19392e-33 2.08366e-33 
1.37404e+07 2.22792e-33 2.11768e-33 2.22792e-33 2.11768e-33 2.22302e-33 2.11278e-33 
1.41906e+07 2.25741e-33 2.14717e-33 2.25741e-33 2.14717e-33 2.25247e-33 2.14224e-33 
1.46555e+07 2.28726e-33 2.17703e-33 2.28726e-33 2.17703e-33 2.28228e-33 2.17206e-33 
1.51356e+07 2.31746e-33 2.20725e-33 2.31746e-33 2.20725e-33 2.31244e-33 2.20223e-33 
1.56315e+07 2.34802e-33 2.23782e-33 2.34802e-33 2.23782e-33 2.34296e-33 2.23277e-33 
1.61436e+07 2.37895e-33 2.26876e-33 2.37895e-33 2.26876e-33 2.37384e-33 2.26366e-33 
1.66725e+07 2.41024e-33 2.30006e-33 2.41024e-33 2.30006e-33 2.40508e-33 2.29492e-33 
1.72187e+07 2.4419e-33 2.33174e-33 2.4419e-33 2.33174e-33 2.4367e-33 2.32655e-33 
1.77828e+07 2.47394e-33 2.36379e-33 2.47394e-33 2.36379e-33 2.46869e-33 2.35856e-33 
1.83654e+07 2.50635e-33 2.39622e-33 2.50635e-33 2.39622e-33 2.50106e-33 2.39094e-33 
1.89671e+07 2.53914e-33 2.42903e-33 2.53914e-33 2.42903e-33 2.53381e-33 2.42371e-33 
1.95884e+07 2.57232e-33 2.46223e-33 2.57232e-33 2.46223e-33 2.56695e-33 2.45686e-33 
2.02302e+07 2.60589e-33 2.49581e-33 2.60589e-33 2.49581e-33 2.60048e-33 2.49041e-33 
2.0893e+07 2.63986e-33 2.5298e-33 2.63986e-33 2.5298e-33 2.63439e-33 2.52434e-33 
2.15774e+07 2.67423e-33 2.56418e-33 2.67423e-33 2.56418e-33 2.66871e-33 2.55868e-33 
2.22844e+07 2.70899e-33 2.59896e-33 2.70899e-33 2.59896e-33 2.70343e-33 2.59341e-33 
2.30144e+07 2.74416e-33 2.63415e-33 2.74416e-33 2.63415e-33 2.73856e-33 2.62856e-33 
2.37684e+07 2.77975e-33 2.66975e-33 2.77975e-33 2.66975e-33 2.77409e-33 2.66411e-33 
2.45471e+07 2.81574e-33 2.70577e-33 2.81574e-33 2.70577e-33 2.81004e-33 2.70008e-33 
2.53513e+07 2.85216e-33 2.74222e-33 2.85216e-33 2.74222e-33 2.84641e-33 2.73646e-33 
2.61818e+07 2.889e-33 2.77906e-33 2.889e-33 2.77906e-33 2.8832e-33 2.77327e-33 
2.70396e+07 2.92627e-33 2.81635e-33 2.92627e-33 2.81635e-33 2.92042e-33 2.81051e-33 
2.79254e+07 2.96396e-33 2.85406e-33 2.96396e-33 2.85406e-33 2.95807e-33 2.84817e-33 
2.88403e+07 3.0021e-33 2.89222e-33 3.0021e-33 2.89222e-33 2.99615e-33 2.88628e-33 
2.97852e+07 3.04067e-33 2.93081e-33 3.04067e-33 2.93081e-33 3.03468e-33 2.92482e-33 
3.0761e+07 3.0797e-33 2.96985e-33 3.0797e-33 2.96985e-33 3.07365e-33 2.96381e-33 
3.17687e+07 3.11916e-33 3.00934e-33 3.11916e-33 3.00934e-33 3.11307e-33 3.00325e-33 
3.28095e+07 3.15909e-33 3.04928e-33 3.15909e-33 3.04928e-33 3.15294e-33 3.04314e-33 
3.38844e+07 3.19947e-33 3.08969e-33 3.19947e-33 3.08969e-33 3.19327e-33 3.08349e-33 
3.49945e+07 3.24032e-33 3.13055e-33 3.24032e-33 3.13055e-33 3.23406e-33 3.12431e-33 
3.6141e+07 3.28163e-33 3.17189e-33 3.28163e-33 3.17189e-33 3.27532e-33 3.16558e-33 
3.7325e+07 3.32343e-33 3.2137e-33 3.32343e-33 3.2137e-33 3.31705e-33 3.20734e-33 
3.85478e+07 3.36568e-33 3.25598e-33 3.36568e-33 3.25598e-33 3.35927e-33 3.24957e-33 
3.98107e+07 3.40843e-33 3.29876e-33 3.40843e-33 3.29876e-33 3.40196e-33 3.29228e-33 
4.1115e+07 3.45166e-33 3.342e-33 3.45166e-33 3.342e-33 3.44514e-33 3.33548e-33 
4.2462e+07 3.49539e-33 3.38574e-33 3.49539e-33 3.38574e-33 3.48881e-33 3.37917e-33 
4.38531e+07 3.53961e-33 3.42999e-33 3.53961e-33 3.42999e-33 3.53297e-33 3.42336e-33 
4.52898e+07 3.58433e-33 3.47473e-33 3.58433e-33 3.47473e-33 3.57764e-33 3.46804e-33 
4.67735e+07 3.62956e-33 3.51998e-33 3.62956e-33 3.51998e-33 3.62281e-33 3.51324e-33 
4.83059e+07 3.67531e-33 3.56575e-33 3.67531e-33 3.56575e-33 3.6685e-33 3.55895e-33 
4.98884e+07 3.72157e-33 3.61203e-33 3.72157e-33 3.61203e-33 3.7147e-33 3.60517e-33 
5.15229e+07 3.76834e-33 3.65883e-33 3.76834e-33 3.65883e-33 3.76142e-33 3.65191e-33 
5.32108e+07 3.81566e-33 3.70616e-33 3.81566e-33 3.70616e-33 3.80867e-33 3.69918e-33 
5.49541e+07 3.8635e-33 3.75402e-33 3.8635e-33 3.75402e-33 3.85645e-33 3.74699e-33 
5.67545e+07 3.91188e-33 3.80243e-33 3.91188e-33 3.80243e-33 3.90477e-33 3.79532e-33 
5.86138e+07 3.9608e-33 3.85138e-33 3.9608e-33 3.85138e-33 3.95363e-33 3.84421e-33 
6.05341e+07 4.01027e-33 3.90086e-33 4.01027e-33 3.90086e-33 4.00304e-33 3.89364e-33 
6.25173e+07 4.06031e-33 3.95091e-33 4.06031e-33 3.95091e-33 4.053e-33 3.94363e-33 
6.45654e+07 4.11088e-33 4.00152e-33 4.11088e-33 4.00152e-33 4.10352e-33 3.99417e-33 
6.66807e+07 4.16203e-33 4.05269e-33 4.16203e-33 4.05269e-33 4.15461e-33 4.04528e-33 
6.88652e+07 4.21375e-33 4.10443e-33 4.21375e-33 4.10443e-33 4.20626e-33 4.09695e-33 
7.11214e+07 4.26604e-33 4.15675e-33 4.26604e-33 4.15675e-33 4.2585e-33 4.14921e-33 
7.34514e+07 4.31892e-33 4.20965e-33 4.31892e-33 4.20965e-33 4.31131e-33 4.20205e-33 
7.58578e+07 4.37238e-33 4.26314e-33 4.37238e-33 4.26314e-33 4.3647e-33 4.25547e-33 
7.8343e+07 4.42644e-33 4.31722e-33 4.42644e-33 4.31722e-33 4.4187e-33 4.30948e-33 
8.09096e+07 4.4811e-33 4.3719e-33 4.4811e-33 4.3719e-33 4.47329e-33 4.3641e-33 
8.35603e+07 4.53636e-33 4.42719e-33 4.53636e-33 4.42719e-33 4.52848e-33 4.41931e-33 
8.62979e+07 4.59222e-33 4.48307e-33 4.59222e-33 4.48307e-33 4.58428e-33 4.47514e-33 
8.91251e+07 4.64872e-33 4.53959e-33 4.64872e-33 4.53959e-33 4.6407e-33 4.53158e-33 
9.2045e+07 4.70583e-33 4.59673e-33 4.70583e-33 4.59673e-33 4.69774e-33 4.58865e-33 
9.50605e+07 4.76357e-33 4.6545e-33 4.76357e-33 4.6545e-33 4.75541e-33 4.64634e-33 
9.81748e+07 4.82194e-33 4.7129e-33 4.82194e-33 4.7129e-33 4.81371e-33 4.70468e-33 
1.01391e+08 4.88102e-33 4.772e-33 4.88102e-33 4.772e-33 4.87266e-33 4.76364e-33 
1.04713e+08 4.94062e-33 4.83163e-33 4.94062e-33 4.83163e-33 4.93225e-33 4.82326e-33 
1.08143e+08 5.00094e-33 4.89197e-33 5.00094e-33 4.89197e-33 4.99249e-33 4.88353e-33 
1.11686e+08 5.06192e-33 4.95298e-33 5.06192e-33 4.95298e-33 5.05339e-33 4.94446e-33 
1.15345e+08 5.12356e-33 5.01465e-33 5.12356e-33 5.01465e-33 5.11496e-33 5.00606e-33 
1.19124e+08 5.18588e-33 5.07699e-33 5.18588e-33 5.07699e-33 5.1772e-33 5.06832e-33 
1.23027e+08 5.24888e-33 5.14002e-33 5.24888e-33 5.14002e-33 5.24012e-33 5.13126e-33 
1.27057e+08 5.31255e-33 5.20373e-33 5.31255e-33 5.20373e-33 5.30373e-33 5.1949e-33 
1.3122e+08 5.37693e-33 5.26812e-33 5.37693e-33 5.26812e-33 5.36802e-33 5.25923e-33 
1.35519e+08 5.44202e-33 5.33324e-33 5.44202e-33 5.33324e-33 5.43302e-33 5.32425e-33 
1.39959e+08 5.50777e-33 5.39903e-33 5.50777e-33 5.39903e-33 5.49871e-33 5.38997e-33 
1.44544e+08 5.57427e-33 5.46555e-33 5.57427e-33 5.46555e-33 5.56512e-33 5.45642e-33 
1.49279e+08 5.64148e-33 5.53279e-33 5.64148e-33 5.53279e-33 5.63225e-33 5.52358e-33 
1.5417e+08 5.70942e-33 5.60076e-33 5.70942e-33 5.60076e-33 5.70012e-33 5.59147e-33 
1.59221e+08 5.77808e-33 5.66946e-33 5.77808e-33 5.66946e-33 5.76869e-33 5.66007e-33 
1.64437e+08 5.8475e-33 5.7389e-33 5.8475e-33 5.7389e-33 5.83802e-33 5.72944e-33 
1.69824e+08 5.91766e-33 5.80909e-33 5.91766e-33 5.80909e-33 5.9081e-33 5.79955e-33 
1.75388e+08 5.98857e-33 5.88004e-33 5.98857e-33 5.88004e-33 5.97893e-33 5.87041e-33 
1.81134e+08 6.06026e-33 5.95177e-33 6.06026e-33 5.95177e-33 6.05052e-33 5.94203e-33 
1.87068e+08 6.13269e-33 6.02422e-33 6.13269e-33 6.02422e-33 6.12288e-33 6.01442e-33 
1.93197e+08 6.20591e-33 6.09748e-33 6.20591e-33 6.09748e-33 6.19601e-33 6.08759e-33 
1.99526e+08 6.27992e-33 6.17152e-33 6.27992e-33 6.17152e-33 6.26993e-33 6.16154e-33 
2.06063e+08 6.35472e-33 6.24636e-33 6.35472e-33 6.24636e-33 6.34463e-33 6.23628e-33 
2.12814e+08 6.43032e-33 6.322e-33 6.43032e-33 6.322e-33 6.42015e-33 6.31184e-33 
2.19786e+08 6.50672e-33 6.39844e-33 6.50672e-33 6.39844e-33 6.49645e-33 6.38818e-33 
2.26986e+08 6.58394e-33 6.47568e-33 6.58394e-33 6.47568e-33 6.57359e-33 6.46534e-33 
2.34423e+08 6.66197e-33 6.55376e-33 6.66197e-33 6.55376e-33 6.65153e-33 6.54333e-33 
2.42103e+08 6.74085e-33 6.63267e-33 6.74085e-33 6.63267e-33 6.73031e-33 6.62214e-33 
2.50035e+08 6.82057e-33 6.71242e-33 6.82057e-33 6.71242e-33 6.80992e-33 6.7018e-33 
2.58226e+08 6.90111e-33 6.79302e-33 6.90111e-33 6.79302e-33 6.89038e-33 6.78229e-33 
2.66686e+08 6.98253e-33 6.87447e-33 6.98253e-33 6.87447e-33 6.97169e-33 6.86365e-33 
2.75423e+08 7.0648e-33 6.95678e-33 7.0648e-33 6.95678e-33 7.05386e-33 6.94586e-33 
2.84446e+08 7.14794e-33 7.03997e-33 7.14794e-33 7.03997e-33 7.13692e-33 7.02896e-33 
2.93765e+08 7.23196e-33 7.12403e-33 7.23196e-33 7.12403e-33 7.22084e-33 7.11291e-33 
3.03389e+08 7.31687e-33 7.20898e-33 7.31687e-33 7.20898e-33 7.30565e-33 7.19777e-33 
3.13329e+08 7.40268e-33 7.29483e-33 7.40268e-33 7.29483e-33 7.39133e-33 7.28349e-33 
3.23594e+08 7.48938e-33 7.38159e-33 7.48938e-33 7.38159e-33 7.47794e-33 7.37016e-33 
3.34195e+08 7.577e-33 7.46926e-33 7.577e-33 7.46926e-33 7.56547e-33 7.45773e-33 
3.45144e+08 7.66554e-33 7.55784e-33 7.66554e-33 7.55784e-33 7.6539e-33 7.5462e-33 
3.56451e+08 7.75502e-33 7.64737e-33 7.75502e-33 7.64737e-33 7.74326e-33 7.63563e-33 
3.68129e+08 7.84543e-33 7.73784e-33 7.84543e-33 7.73784e-33 7.83357e-33 7.72598e-33 
3.80189e+08 7.93679e-33 7.82924e-33 7.93679e-33 7.82924e-33 7.92483e-33 7.81729e-33 
3.92645e+08 8.0291e-33 7.9216e-33 8.0291e-33 7.9216e-33 8.01703e-33 7.90954e-33 
4.05509e+08 8.12239e-33 8.01494e-33 8.12239e-33 8.01494e-33 8.1102e-33 8.00277e-33 
4.18794e+08 8.21664e-33 8.10924e-33 8.21664e-33 8.10924e-33 8.20434e-33 8.09696e-33 
4.32514e+08 8.31188e-33 8.20456e-33 8.31188e-33 8.20456e-33 8.29946e-33 8.19214e-33 
4.46684e+08 8.40812e-33 8.30083e-33 8.40812e-33 8.30083e-33 8.39559e-33 8.28833e-33 
4.61318e+08 8.50535e-33 8.39813e-33 8.50535e-33 8.39813e-33 8.4927e-33 8.3855e-33 
4.76431e+08 8.60361e-33 8.49644e-33 8.60361e-33 8.49644e-33 8.59083e-33 8.48369e-33 
4.9204e+08 8.70287e-33 8.59577e-33 8.70287e-33 8.59577e-33 8.68998e-33 8.5829e-33 
5.08159e+08 8.80318e-33 8.69613e-33 8.80318e-33 8.69613e-33 8.79017e-33 8.68315e-33 
5.24807e+08 8.90452e-33 8.79754e-33 8.90452e-33 8.79754e-33 8.8914e-33 8.78444e-33 
5.42001e+08 9.00691e-33 8.90003e-33 9.00691e-33 8.90003e-33 8.99367e-33 8.88678e-33 
5.59758e+08 9.11037e-33 9.00353e-33 9.11037e-33 9.00353e-33 9.09699e-33 8.99017e-33 
5.78096e+08 9.21489e-33 9.10813e-33 9.21489e-33 9.10813e-33 9.2014e-33 9.09465e-33 
5.97035e+08 9.32052e-33 9.21381e-33 9.32052e-33 9.21381e-33 9.30687e-33 9.20019e-33 
6.16595e+08 9.4272e-33 9.32057e-33 9.4272e-33 9.32057e-33 9.41345e-33 9.30684e-33 
6.36796e+08 9.5351e-33 9.42842e-33 9.5351e-33 9.42842e-33 9.52111e-33 9.41458e-33 
6.57658e+08 9.6439e-33 9.53743e-33 9.6439e-33 9.53743e-33 9.62989e-33 9.52344e-33 
6.79204e+08 9.75396e-33 9.64754e-33 9.75396e-33 9.64754e-33 9.73981e-33 9.63343e-33 
7.01455e+08 9.86511e-33 9.75879e-33 9.86511e-33 9.75879e-33 9.85084e-33 9.74454e-33 
7.24436e+08 9.97742e-33 9.87118e-33 9.97742e-33 9.87118e-33 9.96302e-33 9.8568e-33 
7.4817e+08 1.00909e-32 9.98473e-33 1.00909e-32 9.98473e-33 1.00763e-32 9.97021e-33 
7.72681e+08 1.02055e-32 1.00995e-32 1.02055e-32 1.00995e-32 1.01908e-32 1.00848e-32 
7.97995e+08 1.03213e-32 1.02153e-32 1.03213e-32 1.02153e-32 1.03065e-32 1.02005e-32 
8.24138e+08 1.04383e-32 1.03324e-32 1.04383e-32 1.03324e-32 1.04234e-32 1.03175e-32 
8.51138e+08 1.05565e-32 1.04507e-32 1.05565e-32 1.04507e-32 1.05414e-32 1.04356e-32 
8.79023e+08 1.06759e-32 1.05702e-32 1.06759e-32 1.05702e-32 1.06607e-32 1.0555e-32 
9.07821e+08 1.07965e-32 1.06909e-32 1.07965e-32 1.06909e-32 1.07811e-32 1.06756e-32 
9.37562e+08 1.09184e-32 1.08129e-32 1.09184e-32 1.08129e-32 1.09029e-32 1.07974e-32 
9.68278e+08 1.10414e-32 1.09361e-32 1.10414e-32 1.09361e-32 1.10258e-32 1.09204e-32 
1e+09 1.11659e-32 1.10605e-32 1.11659e-32 1.10605e-32 1.115e-32 1.10447e-32 
