0.0015985   2.012519
0.0016027   2.012519
0.0016068   2.012518
0.0016109   2.012518
0.0016150   2.012518
0.0016191   2.012518
0.0016231   2.012517
0.0016271   2.012517
0.0016311   2.012517
0.0016351   2.012517
0.0016391   2.012516
0.0016430   2.012516
0.0016470   2.012516
0.0016509   2.012515
0.0016548   2.012515
0.0016587   2.012515
0.0016625   2.012515
0.0016664   2.012514
0.0016702   2.012514
0.0016740   2.012514
0.0016778   2.012514
0.0016815   2.012513
0.0016853   2.012513
0.0016890   2.012513
0.0016928   2.012513
0.0016965   2.012512
0.0017002   2.012512
0.0017038   2.012512
0.0017075   2.012512
0.0017111   2.012511
0.0017148   2.012511
0.0017184   2.012511
0.0017220   2.012511
0.0017255   2.012510
0.0017291   2.012510
0.0017362   2.012510
0.0017432   2.012509
0.0017502   2.012509
0.0017571   2.012508
0.0017640   2.012507
0.0017708   2.012507
0.0017776   2.012506
0.0017843   2.012506
0.0017909   2.012505
0.0017975   2.012505
0.0018041   2.012504
0.0018106   2.012504
0.0018171   2.012503
0.0018235   2.012503
0.0018299   2.012502
0.0018346   2.012502
0.0018394   2.012502
0.0018441   2.012501
0.0018487   2.012501
0.0018534   2.012501
0.0018580   2.012500
0.0018627   2.012500
0.0018672   2.012500
0.0018718   2.012499
0.0018764   2.012499
0.0018809   2.012498
0.0018854   2.012498
0.0018899   2.012498
0.0018943   2.012497
0.0018987   2.012497
0.0019032   2.012497
0.0019076   2.012496
0.0019119   2.012496
0.0019163   2.012496
0.0019206   2.012495
0.0019249   2.012495
0.0019292   2.012494
0.0019335   2.012494
0.0019378   2.012494
0.0019420   2.012493
0.0019462   2.012493
0.0019504   2.012493
0.0019546   2.012492
0.0019588   2.012492
0.0019630   2.012492
0.0019671   2.012491
0.0019712   2.012491
0.0019753   2.012491
0.0019794   2.012490
0.0019875   2.012490
0.0019955   2.012489
0.0020035   2.012488
0.0020115   2.012487
0.0020193   2.012487
0.0020271   2.012486
0.0020348   2.012485
0.0020425   2.012485
0.0020502   2.012484
0.0020577   2.012483
0.0020652   2.012483
0.0020727   2.012482
0.0020801   2.012481
0.0020874   2.012481
0.0020947   2.012480
0.0020996   2.012479
0.0021052   2.012479
0.0021107   2.012478
0.0021162   2.012478
0.0021216   2.012477
0.0021271   2.012477
0.0021325   2.012476
0.0021378   2.012476
0.0021435   2.012475
0.0021490   2.012475
0.0021546   2.012474
0.0021601   2.012474
0.0021656   2.012473
0.0021711   2.012473
0.0021765   2.012472
0.0021819   2.012472
0.0021875   2.012471
0.0021930   2.012471
0.0021985   2.012470
0.0022040   2.012469
0.0022095   2.012469
0.0022149   2.012468
0.0022203   2.012468
0.0022257   2.012467
0.0022314   2.012467
0.0022371   2.012466
0.0022427   2.012466
0.0022483   2.012465
0.0022539   2.012464
0.0022594   2.012464
0.0022650   2.012463
0.0022705   2.012463
0.0022763   2.012462
0.0022821   2.012462
0.0022878   2.012461
0.0022935   2.012460
0.0022992   2.012460
0.0023049   2.012459
0.0023105   2.012459
0.0023161   2.012458
0.0023221   2.012457
0.0023279   2.012457
0.0023338   2.012456
0.0023397   2.012456
0.0023455   2.012455
0.0023512   2.012454
0.0023570   2.012454
0.0023627   2.012453
0.0023688   2.012453
0.0023748   2.012452
0.0023808   2.012451
0.0023867   2.012451
0.0023926   2.012450
0.0023985   2.012449
0.0024044   2.012449
0.0024102   2.012448
0.0024164   2.012447
0.0024225   2.012447
0.0024287   2.012446
0.0024347   2.012445
0.0024408   2.012445
0.0024468   2.012444
0.0024528   2.012443
0.0024587   2.012443
0.0024651   2.012442
0.0024714   2.012441
0.0024777   2.012441
0.0024840   2.012440
0.0024902   2.012439
0.0024964   2.012438
0.0025026   2.012438
0.0025088   2.012437
0.0025152   2.012436
0.0025217   2.012436
0.0025281   2.012435
0.0025345   2.012434
0.0025409   2.012433
0.0025472   2.012433
0.0025535   2.012432
0.0025598   2.012431
0.0025664   2.012430
0.0025730   2.012430
0.0025795   2.012429
0.0025861   2.012428
0.0025926   2.012427
0.0025990   2.012426
0.0026054   2.012426
0.0026118   2.012425
0.0026186   2.012424
0.0026253   2.012423
0.0026320   2.012422
0.0026387   2.012422
0.0026453   2.012421
0.0026519   2.012420
0.0026584   2.012419
0.0026650   2.012418
0.0026719   2.012418
0.0026787   2.012417
0.0026856   2.012416
0.0026924   2.012415
0.0026991   2.012414
0.0027058   2.012413
0.0027125   2.012413
0.0027192   2.012412
0.0027262   2.012411
0.0027332   2.012410
0.0027402   2.012409
0.0027471   2.012408
0.0027540   2.012407
0.0027609   2.012407
0.0027677   2.012406
0.0027745   2.012405
0.0027817   2.012404
0.0027889   2.012403
0.0027960   2.012402
0.0028031   2.012401
0.0028101   2.012400
0.0028171   2.012399
0.0028241   2.012398
0.0028310   2.012397
0.0028383   2.012396
0.0028456   2.012396
0.0028529   2.012395
0.0028601   2.012394
0.0028673   2.012393
0.0028745   2.012392
0.0028816   2.012391
0.0028887   2.012390
0.0028961   2.012389
0.0029036   2.012388
0.0029110   2.012387
0.0029184   2.012386
0.0029257   2.012385
0.0029330   2.012384
0.0029403   2.012383
0.0029475   2.012382
0.0029551   2.012381
0.0029627   2.012380
0.0029703   2.012379
0.0029778   2.012378
0.0029853   2.012377
0.0029927   2.012376
0.0030001   2.012375
0.0030075   2.012374
0.0030153   2.012373
0.0030231   2.012371
0.0030308   2.012370
0.0030385   2.012369
0.0030461   2.012368
0.0030537   2.012367
0.0030613   2.012366
0.0030688   2.012365
0.0030767   2.012364
0.0030847   2.012363
0.0030925   2.012362
0.0031004   2.012360
0.0031082   2.012359
0.0031159   2.012358
0.0031236   2.012357
0.0031313   2.012356
0.0031388   2.012355
0.0031486   2.012353
0.0031584   2.012352
0.0031671   2.012351
0.0031758   2.012349
0.0031844   2.012348
0.0031930   2.012347
0.0032015   2.012346
0.0032100   2.012344
0.0032185   2.012343
0.0032269   2.012342
0.0032372   2.012340
0.0032475   2.012339
0.0032577   2.012337
0.0032678   2.012336
0.0032779   2.012334
0.0032879   2.012333
0.0032979   2.012331
0.0033078   2.012329
0.0033169   2.012328
0.0033260   2.012327
0.0033351   2.012325
0.0033441   2.012324
0.0033530   2.012322
0.0033619   2.012321
0.0033708   2.012320
0.0033796   2.012318
0.0033904   2.012317
0.0034012   2.012315
0.0034119   2.012313
0.0034225   2.012311
0.0034331   2.012310
0.0034436   2.012308
0.0034540   2.012306
0.0034644   2.012305
0.0034740   2.012303
0.0034835   2.012302
0.0034930   2.012300
0.0035024   2.012298
0.0035118   2.012297
0.0035211   2.012295
0.0035304   2.012294
0.0035396   2.012292
0.0035510   2.012290
0.0035622   2.012289
0.0035734   2.012287
0.0035845   2.012285
0.0035956   2.012283
0.0036066   2.012281
0.0036175   2.012279
0.0036284   2.012277
0.0036400   2.012275
0.0036515   2.012274
0.0036630   2.012272
0.0036744   2.012270
0.0036857   2.012268
0.0036970   2.012266
0.0037082   2.012264
0.0037193   2.012262
0.0037313   2.012260
0.0037431   2.012258
0.0037549   2.012256
0.0037666   2.012254
0.0037782   2.012251
0.0037897   2.012249
0.0038012   2.012247
0.0038126   2.012245
0.0038248   2.012243
0.0038370   2.012241
0.0038491   2.012239
0.0038610   2.012237
0.0038730   2.012234
0.0038848   2.012232
0.0038966   2.012230
0.0039083   2.012228
0.0039208   2.012226
0.0039333   2.012223
0.0039456   2.012221
0.0039579   2.012219
0.0039702   2.012217
0.0039823   2.012214
0.0039944   2.012212
0.0040064   2.012210
0.0040192   2.012207
0.0040320   2.012205
0.0040447   2.012203
0.0040573   2.012200
0.0040698   2.012198
0.0040823   2.012195
0.0040947   2.012193
0.0041070   2.012191
0.0041201   2.012188
0.0041332   2.012185
0.0041462   2.012183
0.0041592   2.012180
0.0041720   2.012178
0.0041848   2.012175
0.0041975   2.012173
0.0042101   2.012170
0.0042236   2.012168
0.0042370   2.012165
0.0042504   2.012162
0.0042636   2.012160
0.0042768   2.012157
0.0042899   2.012154
0.0043029   2.012152
0.0043159   2.012149
0.0043297   2.012146
0.0043435   2.012144
0.0043572   2.012141
0.0043708   2.012138
0.0043843   2.012135
0.0043977   2.012132
0.0044110   2.012130
0.0044243   2.012127
0.0044385   2.012124
0.0044526   2.012121
0.0044667   2.012118
0.0044806   2.012115
0.0044945   2.012112
0.0045082   2.012109
0.0045219   2.012106
0.0045355   2.012103
0.0045501   2.012100
0.0045646   2.012097
0.0045790   2.012094
0.0045933   2.012091
0.0046075   2.012088
0.0046216   2.012085
0.0046356   2.012082
0.0046496   2.012079
0.0046645   2.012075
0.0046793   2.012072
0.0046941   2.012069
0.0047087   2.012066
0.0047233   2.012062
0.0047377   2.012059
0.0047521   2.012056
0.0047664   2.012053
0.0047815   2.012049
0.0047966   2.012046
0.0048115   2.012043
0.0048264   2.012039
0.0048411   2.012036
0.0048558   2.012033
0.0048704   2.012029
0.0048849   2.012026
0.0049004   2.012022
0.0049158   2.012019
0.0049311   2.012015
0.0049463   2.012012
0.0049614   2.012008
0.0049765   2.012005
0.0049914   2.012001
0.0050063   2.011998
0.0050222   2.011994
0.0050380   2.011990
0.0050537   2.011986
0.0050693   2.011983
0.0050848   2.011979
0.0051002   2.011975
0.0051155   2.011972
0.0051308   2.011968
0.0051471   2.011964
0.0051633   2.011960
0.0051794   2.011956
0.0051954   2.011952
0.0052113   2.011948
0.0052271   2.011944
0.0052428   2.011940
0.0052584   2.011937
0.0052751   2.011932
0.0052917   2.011928
0.0053082   2.011924
0.0053246   2.011920
0.0053409   2.011916
0.0053571   2.011912
0.0053732   2.011908
0.0053893   2.011904
0.0054064   2.011899
0.0054234   2.011895
0.0054403   2.011891
0.0054571   2.011886
0.0054739   2.011882
0.0054905   2.011878
0.0055070   2.011873
0.0055234   2.011869
0.0055410   2.011865
0.0055584   2.011860
0.0055758   2.011856
0.0055930   2.011851
0.0056101   2.011846
0.0056272   2.011842
0.0056441   2.011837
0.0056609   2.011833
0.0056789   2.011828
0.0056968   2.011823
0.0057146   2.011819
0.0057323   2.011814
0.0057499   2.011809
0.0057673   2.011804
0.0057847   2.011800
0.0058019   2.011795
0.0058204   2.011790
0.0058387   2.011785
0.0058570   2.011780
0.0058751   2.011775
0.0058931   2.011770
0.0059110   2.011765
0.0059288   2.011760
0.0059465   2.011755
0.0059654   2.011749
0.0059842   2.011744
0.0060029   2.011739
0.0060215   2.011734
0.0060400   2.011728
0.0060583   2.011723
0.0060766   2.011718
0.0060947   2.011713
0.0061141   2.011707
0.0061334   2.011701
0.0061526   2.011696
0.0061716   2.011690
0.0061905   2.011685
0.0062093   2.011679
0.0062280   2.011674
0.0062466   2.011668
0.0062665   2.011663
0.0062863   2.011657
0.0063059   2.011651
0.0063254   2.011645
0.0063448   2.011639
0.0063641   2.011633
0.0063832   2.011628
0.0064023   2.011622
0.0064223   2.011616
0.0064423   2.011610
0.0064621   2.011604
0.0064819   2.011598
0.0065015   2.011592
0.0065209   2.011586
0.0065403   2.011580
0.0065596   2.011574
0.0065794   2.011568
0.0065990   2.011562
0.0066186   2.011556
0.0066381   2.011549
0.0066574   2.011543
0.0066766   2.011537
0.0067148   2.011525
0.0067330   2.011520
0.0067693   2.011508
0.0068052   2.011496
0.0068230   2.011491
0.0068582   2.011479
0.0068848   2.011471
0.0069112   2.011462
0.0069305   2.011456
0.0069688   2.011443
0.0069877   2.011437
0.0070254   2.011425
0.0070626   2.011412
0.0070854   2.011405
0.0071082   2.011397
0.0071307   2.011389
0.0071532   2.011382
0.0071754   2.011374
0.0071976   2.011367
0.0072196   2.011359
0.0072617   2.011345
0.0073018   2.011331
0.0073415   2.011318
0.0073611   2.011311
0.0074002   2.011297
0.0074241   2.011289
0.0074480   2.011280
0.0074716   2.011272
0.0074951   2.011264
0.0075417   2.011247
0.0075878   2.011231
0.0076301   2.011216
0.0076510   2.011208
0.0076926   2.011193
0.0077132   2.011186
0.0077542   2.011171
0.0077793   2.011162
0.0078042   2.011152
0.0078290   2.011143
0.0078781   2.011125
0.0079024   2.011116
0.0079506   2.011098
0.0079763   2.011088
0.0080273   2.011069
0.0080777   2.011050
0.0081027   2.011040
0.0081521   2.011022
0.0081785   2.011011
0.0082308   2.010991
0.0082825   2.010971
0.0083081   2.010961
0.0083588   2.010941
0.0083859   2.010930
0.0084395   2.010909
0.0084661   2.010899
0.0085188   2.010878
0.0085708   2.010857
0.0085986   2.010845
0.0086536   2.010823
0.0086809   2.010812
0.0087349   2.010790
0.0087883   2.010768
0.0088168   2.010756
0.0088732   2.010732
0.0089012   2.010721
0.0089566   2.010697
0.0090113   2.010674
0.0090406   2.010662
0.0090985   2.010637
0.0091557   2.010612
0.0091840   2.010600
0.0092402   2.010576
0.0092702   2.010563
0.0093296   2.010537
0.0093883   2.010511
0.0094173   2.010498
0.0094749   2.010473
0.0095057   2.010459
0.0095667   2.010431
0.0096269   2.010404
0.0096567   2.010391
0.0097158   2.010364
0.0097473   2.010349
0.0098099   2.010321
0.0098716   2.010292
0.0099022   2.010278
0.0099628   2.010249
0.0099952   2.010234
0.0100593   2.010204
0.0101227   2.010174
0.0101541   2.010159
0.0102162   2.010129
0.0102494   2.010113
0.0103152   2.010082
0.0103801   2.010050
0.0104123   2.010034
0.0104760   2.010003
0.0105097   2.009986
0.0105763   2.009953
0.0106422   2.009921
0.0106748   2.009904
0.0107394   2.009872
0.0107740   2.009854
0.0108423   2.009819
0.0109099   2.009785
0.0109433   2.009768
0.0110096   2.009734
0.0110450   2.009715
0.0111152   2.009679
0.0111844   2.009643
0.0112188   2.009625
0.0112868   2.009589
0.0113231   2.009569
0.0113950   2.009531
0.0114661   2.009493
0.0115013   2.009474
0.0115710   2.009436
0.0116083   2.009416
0.0116820   2.009376
0.0117549   2.009336
0.0117910   2.009316
0.0118626   2.009276
0.0119008   2.009255
0.0119764   2.009212
0.0120512   2.009170
0.0120882   2.009149
0.0121616   2.009108
0.0122008   2.009085
0.0122784   2.009041
0.0123551   2.008996
0.0123930   2.008974
0.0124683   2.008931
0.0125085   2.008907
0.0125880   2.008860
0.0126666   2.008814
0.0127056   2.008791
0.0127827   2.008745
0.0128235   2.008720
0.0129043   2.008672
0.0129842   2.008623
0.0130237   2.008599
0.0131021   2.008551
0.0131433   2.008526
0.0132250   2.008476
0.0133057   2.008426
0.0133456   2.008401
0.0134249   2.008351
0.0134665   2.008325
0.0135491   2.008273
0.0136306   2.008221
0.0137512   2.008144
0.0137932   2.008117
0.0139179   2.008036
0.0139997   2.007983
0.0141227   2.007902
0.0142060   2.007847
0.0142883   2.007792
0.0144101   2.007711
0.0145363   2.007625
0.0146193   2.007569
0.0147421   2.007485
0.0148641   2.007401
0.0149043   2.007373
0.0150237   2.007289
0.0150979   2.007237
0.0152016   2.007164
0.0153206   2.007079
0.0154189   2.007009
0.0154837   2.006963
0.0156197   2.006864
0.0157091   2.006799
0.0158414   2.006702
0.0159789   2.006600
0.0160694   2.006533
0.0162032   2.006432
0.0163423   2.006327
0.0164338   2.006257
0.0165693   2.006153
0.0167100   2.006045
0.0168026   2.005973
0.0169396   2.005865
0.0170821   2.005753
0.0171757   2.005679
0.0173144   2.005568
0.0174585   2.005452
0.0175533   2.005375
0.0176936   2.005260
0.0178393   2.005140
0.0179352   2.005061
0.0180771   2.004943
0.0182229   2.004820
0.0183188   2.004739
0.0184608   2.004618
0.0186083   2.004492
0.0187054   2.004408
0.0188492   2.004284
0.0189984   2.004153
0.0190966   2.004067
0.0192421   2.003938
0.0193931   2.003804
0.0194925   2.003715
0.0196910   2.003535
0.0198430   2.003397
0.0199431   2.003305
0.0200940   2.003166
0.0201969   2.003071
0.0203492   2.002929
0.0205020   2.002785
0.0207091   2.002589
0.0208618   2.002443
0.0210202   2.002291
0.0211245   2.002190
0.0212791   2.002040
0.0214394   2.001883
0.0215450   2.001779
0.0217015   2.001624
0.0218638   2.001462
0.0219706   2.001355
0.0221291   2.001195
0.0222933   2.001028
0.0225619   2.000753
0.0227281   2.000581
0.0229998   2.000297
0.0231661   2.000122
0.0234382   1.999833
0.0236065   1.999653
0.0238820   1.999355
0.0240523   1.999170
0.0243312   1.998863
0.0245036   1.998672
0.0247860   1.998356
0.0249606   1.998159
0.0252465   1.997834
0.0254232   1.997632
0.0257127   1.997297
0.0258917   1.997088
0.0261848   1.996744
0.0263660   1.996529
0.0266628   1.996174
0.0268463   1.995953
0.0271470   1.995588
0.0273328   1.995360
0.0276372   1.994984
0.0279496   1.994595
0.0281976   1.994283
0.0285124   1.993883
0.0288272   1.993480
0.0292045   1.992991
0.0293965   1.992740
0.0297122   1.992324
0.0300244   1.991909
0.0302182   1.991650
0.0304941   1.991278
0.0306902   1.991012
0.0310357   1.990539
0.0313103   1.990160
0.0315899   1.989771
0.0320106   1.989181
0.0323614   1.988683
0.0325783   1.988373
0.0329340   1.987861
0.0331540   1.987541
0.0335147   1.987014
0.0338850   1.986468
0.0341794   1.986030
0.0347010   1.985245
0.0349304   1.984897
0.0353067   1.984322
0.0357642   1.983616
0.0362251   1.982897
0.0365309   1.982416
0.0368462   1.981916
0.0371566   1.981421
0.0374766   1.980907
0.0381165   1.979867
0.0387663   1.978797
0.0390911   1.978256
0.0397560   1.977138
0.0400962   1.976561
0.0406911   1.975541
0.0411176   1.974803
0.0417290   1.973734
0.0419943   1.973266
0.0425241   1.972325
0.0432447   1.971030
0.0439695   1.969710
0.0442485   1.969198
0.0449909   1.967822
0.0454574   1.966949
0.0462215   1.965504
0.0465160   1.964943
0.0472999   1.963434
0.0477929   1.962476
0.0486015   1.960889
0.0495330   1.959036
0.0502684   1.957555
0.0511285   1.955804
0.0514610   1.955121
0.0523475   1.953285
0.0532503   1.951393
0.0541678   1.949447
0.0547461   1.948209
0.0553232   1.946965
0.0560854   1.945308
0.0570028   1.943294
0.0576414   1.941879
0.0580325   1.941007
0.0588939   1.939073
0.0597766   1.937073
0.0606088   1.935169
0.0611863   1.933838
0.0621372   1.931630
0.0627655   1.930159
0.0634126   1.928634
0.0641229   1.926950
0.0647764   1.925390
0.0655126   1.923621
0.0659676   1.922522
0.0665795   1.921037
0.0670610   1.919863
0.0677814   1.918096
0.0686355   1.915987
0.0690567   1.914942
0.0697086   1.913316
0.0705338   1.911246
0.0714528   1.908925
0.0722909   1.906793
0.0727843   1.905531
0.0734200   1.903899
0.0741612   1.901986
0.0746585   1.900697
0.0751388   1.899447
0.0758252   1.897654
0.0766503   1.895486
0.0771569   1.894150
0.0777587   1.892556
0.0786482   1.890187
0.0795253   1.887839
0.0801055   1.886278
0.0806800   1.884726
0.0810621   1.883692
0.0816338   1.882138
0.0821062   1.880851
0.0825776   1.879563
0.0833308   1.877496
0.0838899   1.875957
0.0846399   1.873883
0.0851968   1.872337
0.0855688   1.871302
0.0864057   1.868966
0.0870530   1.867151
0.0878876   1.864801
0.0886266   1.862711
0.0890441   1.861527
0.0896427   1.859825
0.0903781   1.857726
0.0910624   1.855766
0.0915661   1.854319
0.0923908   1.851941
0.0928470   1.850621
0.0934923   1.848750
0.0939499   1.847419
0.0945016   1.845811
0.0952392   1.843654
0.0956054   1.842581
0.0963473   1.840400
0.0971761   1.837954
0.0978761   1.835882
0.0983857   1.834369
0.0990383   1.832426
0.0995059   1.831031
0.1001563   1.829085
0.1004400   1.828234
0.1010984   1.826256
0.1018492   1.823993
0.1022288   1.822847
0.1028892   1.820847
0.1036491   1.818539
0.1042672   1.816657
0.1045984   1.815646
0.1051745   1.813885
0.1056537   1.812416
0.1062257   1.810660
0.1066140   1.809465
0.1072898   1.807381
0.1080599   1.804999
0.1089257   1.802313
0.1095001   1.800525
0.1103600   1.797842
0.1112013   1.795208
0.1117489   1.793489
0.1125476   1.790976
0.1131702   1.789011
0.1136863   1.787378
0.1140976   1.786075
0.1147183   1.784105
0.1155424   1.781481
0.1161118   1.779664
0.1166858   1.777829
0.1174124   1.775499
0.1179914   1.773639
0.1184650   1.772114
0.1190938   1.770086
0.1196786   1.768195
0.1203693   1.765956
0.1211679   1.763361
0.1220813   1.760384
0.1228884   1.757746
0.1235407   1.755607
0.1243518   1.752942
0.1250126   1.750765
0.1256703   1.748593
0.1261070   1.747148
0.1267752   1.744933
0.1276613   1.741988
0.1282203   1.740125
0.1286139   1.738811
0.1292864   1.736563
0.1301902   1.733533
0.1307015   1.731815
0.1312111   1.730099
0.1320123   1.727396
0.1325296   1.725647
0.1333309   1.722931
0.1340887   1.720357
0.1345533   1.718775
0.1353082   1.716199
0.1359567   1.713982
0.1363681   1.712573
0.1371309   1.709955
0.1376083   1.708313
0.1382034   1.706263
0.1386187   1.704830
0.1393363   1.702349
0.1398784   1.700471
0.1403589   1.698804
0.1409592   1.696717
0.1414468   1.695019
0.1419939   1.693111
0.1426606   1.690781
0.1433954   1.688207
0.1443143   1.684979
0.1449884   1.682605
0.1459142   1.679337
0.1465906   1.676942
0.1470223   1.675411
0.1476401   1.673217
0.1485636   1.669928
0.1491773   1.667737
0.1497284   1.665766
0.1502069   1.664052
0.1511611   1.660626
0.1517531   1.658495
0.1526838   1.655136
0.1532762   1.652993
0.1542211   1.649566
0.1548703   1.647206
0.1552832   1.645702
0.1559683   1.643202
0.1569234   1.639708
0.1573317   1.638211
0.1580099   1.635720
0.1586850   1.633235
0.1592291   1.631228
0.1598420   1.628964
0.1604536   1.626700
0.1610640   1.624435
0.1620788   1.620661
0.1629024   1.617589
0.1635873   1.615029
0.1646885   1.610900
0.1657305   1.606980
0.1663544   1.604627
0.1673918   1.600703
0.1681643   1.597774
0.1691571   1.593999
0.1697986   1.591553
0.1704392   1.589106
0.1715046   1.585026
0.1721427   1.582576
0.1728003   1.580046
0.1734570   1.577514
0.1743312   1.574137
0.1752039   1.570756
0.1756453   1.569043
0.1765326   1.565592
0.1769785   1.563854
0.1778693   1.560376
0.1783141   1.558636
0.1792029   1.555152
0.1798033   1.552793
0.1807028   1.549252
0.1816011   1.545706
0.1828201   1.540879
0.1840372   1.536043
0.1846568   1.533574
0.1858946   1.528630
0.1865189   1.526129
0.1877723   1.521096
0.1890302   1.516027
0.1903112   1.510846
0.1915910   1.505651
0.1928948   1.500341
0.1935463   1.497680
0.1948615   1.492295
0.1955252   1.489570
0.1968521   1.484107
0.1975286   1.481315
0.1988811   1.475717
0.1995572   1.472911
0.2005915   1.468610
0.2016257   1.464297
0.2030184   1.458471
0.2044249   1.452566
0.2051283   1.449606
0.2065627   1.443552
0.2078141   1.438253
0.2090662   1.432934
0.2101353   1.428381
0.2112050   1.423813
0.2122755   1.419230
0.2137873   1.412737
0.2152926   1.406249
0.2167999   1.399730
0.2183009   1.393216
0.2197668   1.386833
0.2212353   1.380419
0.2224910   1.374917
0.2250088   1.363840
0.2267607   1.356099
0.2285175   1.348308
0.2303255   1.340260
0.2320826   1.332412
0.2338454   1.324511
0.2355372   1.316903
0.2372349   1.309245
0.2389154   1.301641
0.2406022   1.293985
0.2422923   1.286291
0.2457059   1.270682
0.2474358   1.262738
0.2509352   1.246601
0.2545023   1.230063
0.2563086   1.221655
0.2599897   1.204455
0.2618666   1.195652
0.2656769   1.177717
0.2676113   1.168579
0.2715653   1.149834
0.2756243   1.130505
0.2797963   1.110551
0.2840902   1.089931
0.2885154   1.068599
0.2930822   1.046508
0.2978006   1.023610
0.3026788   0.999866
0.3077179   0.975278
0.3125531   0.951635
0.3170029   0.929842
0.3209086   0.910692
0.3242130   0.894475
0.3270451   0.880569
0.3300818   0.865652
0.3348972   0.841992
0.3383044   0.825249
0.3438783   0.797864
0.3500552   0.767532
0.3564737   0.736043
0.3631593   0.703296
0.3701378   0.669186
0.3737228   0.651695
0.3773851   0.633852
0.3840395   0.601504
0.3895735   0.574680
0.3939129   0.553701
0.3971213   0.538221
0.4004528   0.522176
0.4028820   0.510497
0.4063579   0.493815
0.4105281   0.473848
0.4147584   0.453649
0.4191023   0.432967
0.4222914   0.417821
0.4255442   0.402408
0.4300529   0.381102
0.4339708   0.362645
0.4379869   0.343781
0.4417344   0.326232
0.4455717   0.308314
0.4531747   0.272974
0.4569972   0.255287
0.4609136   0.237222
0.4647702   0.219489
0.4687226   0.201376
0.4728870   0.182356
0.4771633   0.162895
0.4847470   0.128558
0.4899655   0.105060
0.4930426   0.091256
0.4964384   0.076065
0.4996269   0.061845
0.5068887   0.029609
0.5136947  -0.000411
0.5202462  -0.029131
0.5266708  -0.057125
0.5329851  -0.084474
0.5391949  -0.111213
0.5453023  -0.137359
0.5513077  -0.162921
0.5572112  -0.187907
0.5630124  -0.212324
0.5687106  -0.236178
0.5743046  -0.259471
0.5797926  -0.282202
0.5851710  -0.304362
0.5904326  -0.325929
0.5955626  -0.346851
0.6005285  -0.367003
0.6052610  -0.386116
0.6096373  -0.403709
0.6134957  -0.419154
0.6169246  -0.432829
0.6194898  -0.443026
0.6220945  -0.453352
0.6252509  -0.465828
0.6274716  -0.474579
0.6297216  -0.483425
0.6319430  -0.492136
0.6341937  -0.500941
0.6363818  -0.509478
0.6385982  -0.518104
0.6407427  -0.526428
0.6429142  -0.534835
0.6450117  -0.542935
0.6471350  -0.551112
0.6491842  -0.558983
0.6502180  -0.562945
0.6522550  -0.570737
0.6542662  -0.578409
0.6562515  -0.585961
0.6572278  -0.589667
0.6582096  -0.593388
0.6591970  -0.597125
0.6601374  -0.600679
0.6610828  -0.604247
0.6620334  -0.607829
0.6629892  -0.611426
0.6638779  -0.614765
0.6652194  -0.619796
0.6661195  -0.623166
0.6671887  -0.627164
0.6684303  -0.631796
0.6693672  -0.635286
0.6699947  -0.637620
0.6709401  -0.641133
0.6715732  -0.643482
0.6722242  -0.645895
0.6730463  -0.648939
0.6735966  -0.650974
0.6744251  -0.654034
0.6752577  -0.657105
0.6758149  -0.659159
0.6763738  -0.661216
0.6770258  -0.663614
0.6777716  -0.666353
0.6785207  -0.669101
0.6788964  -0.670478
0.6796503  -0.673237
0.6803328  -0.675733
0.6810179  -0.678234
0.6814762  -0.679906
0.6819356  -0.681580
0.6821658  -0.682418
0.6826270  -0.684097
0.6828581  -0.684937
0.6833211  -0.686620
0.6838548  -0.688558
0.6843901  -0.690499
0.6846584  -0.691471
0.6851962  -0.693418
0.6854656  -0.694393
0.6857355  -0.695369
0.6860059  -0.696345
0.6862766  -0.697323
0.6865477  -0.698301
0.6868192  -0.699281
0.6870912  -0.700261
0.6873636  -0.701242
0.6876364  -0.702224
0.6880443  -0.703691
0.6884531  -0.705160
0.6888629  -0.706632
0.6892736  -0.708105
0.6894793  -0.708842
0.6896852  -0.709579
0.6898914  -0.710318
0.6900978  -0.711056
0.6903045  -0.711795
0.6905114  -0.712535
0.6907185  -0.713275
0.6909259  -0.714016
0.6912684  -0.715238
0.6916115  -0.716461
0.6919553  -0.717685
0.6922998  -0.718911
0.6926449  -0.720138
0.6929906  -0.721366
0.6933371  -0.722595
0.6936842  -0.723826
0.6940319  -0.725057
0.6943804  -0.726290
0.6947295  -0.727523
0.6950793  -0.728758
0.6954297  -0.729994
0.6957809  -0.731231
0.6961327  -0.732469
0.6964852  -0.733708
0.6967510  -0.734641
0.6970172  -0.735575
0.6972837  -0.736509
0.6975507  -0.737444
0.6978181  -0.738380
0.6980858  -0.739316
0.6983539  -0.740252
0.6986225  -0.741189
0.6988914  -0.742126
0.6991607  -0.743064
0.6994304  -0.744003
0.6997005  -0.744942
0.6999710  -0.745881
0.7002419  -0.746821
0.7005132  -0.747761
0.7007849  -0.748701
0.7010553  -0.749636
0.7013260  -0.750571
0.7015971  -0.751507
0.7018686  -0.752443
0.7021406  -0.753379
0.7024129  -0.754316
0.7026856  -0.755252
0.7029587  -0.756190
0.7032322  -0.757127
0.7035061  -0.758065
0.7037804  -0.759003
0.7040551  -0.759941
0.7043303  -0.760880
0.7046058  -0.761818
0.7048817  -0.762757
0.7051580  -0.763696
0.7054347  -0.764635
0.7057119  -0.765574
0.7059894  -0.766514
0.7062674  -0.767453
0.7065457  -0.768393
0.7068245  -0.769333
0.7071036  -0.770272
0.7073832  -0.771212
0.7076632  -0.772152
0.7079436  -0.773091
0.7082244  -0.774031
0.7085056  -0.774970
0.7087872  -0.775910
0.7090692  -0.776849
0.7093517  -0.777788
0.7096299  -0.778712
0.7099086  -0.779636
0.7101830  -0.780544
0.7104579  -0.781452
0.7107331  -0.782360
0.7110087  -0.783267
0.7112847  -0.784175
0.7115611  -0.785082
0.7118379  -0.785988
0.7121150  -0.786895
0.7123926  -0.787801
0.7126705  -0.788707
0.7132276  -0.790517
0.7135067  -0.791423
0.7140661  -0.793205
0.7144398  -0.794398
0.7148143  -0.795593
0.7151893  -0.796792
0.7155650  -0.797993
0.7160399  -0.799514
0.7165158  -0.801039
0.7172317  -0.803337
0.7179499  -0.805645
0.7186705  -0.807966
0.7193935  -0.810298
0.7198769  -0.811860
0.7206040  -0.814212
0.7213336  -0.816576
0.7218214  -0.818159
0.7225552  -0.820544
0.7232915  -0.822941
0.7237454  -0.824421
0.7242003  -0.825905
0.7248845  -0.828142
0.7255709  -0.830389
0.7262596  -0.832647
0.7269505  -0.834917
0.7274125  -0.836437
0.7281073  -0.838726
0.7285718  -0.840258
0.7292705  -0.842567
0.7299717  -0.844887
0.7308927  -0.847941
0.7315464  -0.850114
0.7322023  -0.852297
0.7326407  -0.853758
0.7333002  -0.855959
0.7339618  -0.858172
0.7344040  -0.859652
0.7350693  -0.861883
0.7361830  -0.865626
0.7368542  -0.867887
0.7379607  -0.871623
0.7390034  -0.875154
0.7396317  -0.877287
0.7402620  -0.879429
0.7413171  -0.883024
0.7419529  -0.885196
0.7430173  -0.888839
0.7436588  -0.891040
0.7447274  -0.894714
0.7453589  -0.896891
0.7464160  -0.900543
0.7470530  -0.902749
0.7481197  -0.906452
0.7491924  -0.910187
0.7500550  -0.913198
0.7513566  -0.917756
0.7524912  -0.921743
0.7530611  -0.923751
0.7542063  -0.927795
0.7553587  -0.931878
0.7563246  -0.935311
0.7571007  -0.938077
0.7584457  -0.942885
0.7594064  -0.946331
0.7600498  -0.948645
0.7613436  -0.953311
0.7626471  -0.958031
0.7633930  -0.960741
0.7648947  -0.966215
0.7656504  -0.968979
0.7671719  -0.974565
0.7687072  -0.980229
0.7701508  -0.985581
0.7708772  -0.988283
0.7723397  -0.993743
0.7730758  -0.996501
0.7745580  -1.002074
0.7759530  -1.007345
0.7773601  -1.012687
0.7787796  -1.018102
0.7802118  -1.023591
0.7815610  -1.028787
0.7829218  -1.034053
0.7842946  -1.039391
0.7856795  -1.044802
0.7869853  -1.049929
0.7883022  -1.055124
0.7896307  -1.060390
0.7909709  -1.065728
0.7922363  -1.070794
0.7935126  -1.075927
0.7948000  -1.081130
0.7960988  -1.086405
0.7985364  -1.096376
0.8010161  -1.106617
0.8033800  -1.116475
0.8057846  -1.126599
0.8080782  -1.136350
0.8104112  -1.146364
0.8126374  -1.156013
0.8149018  -1.165923
0.8170637  -1.175475
0.8192624  -1.185285
0.8213624  -1.194745
0.8234982  -1.204461
0.8255388  -1.213835
0.8276141  -1.223462
0.8295976  -1.232753
0.8316148  -1.242294
0.8335434  -1.251506
0.8355047  -1.260967
0.8373803  -1.270104
0.8392878  -1.279487
0.8411124  -1.288550
0.8429679  -1.297858
0.8447444  -1.306858
0.8465509  -1.316100
0.8482620  -1.324941
0.8500017  -1.334019
0.8516678  -1.342798
0.8533617  -1.351811
0.8549843  -1.360531
0.8566340  -1.369483
0.8582145  -1.378145
0.8598214  -1.387038
0.8613613  -1.395644
0.8629268  -1.404481
0.8644273  -1.413035
0.8659527  -1.421817
0.8674150  -1.430319
0.8689015  -1.439048
0.8703269  -1.447501
0.8717758  -1.456179
0.8731654  -1.464585
0.8745778  -1.473216
0.8759326  -1.481577
0.8773098  -1.490161
0.8786308  -1.498478
0.8799736  -1.507017
0.8812626  -1.515296
0.8825729  -1.523797
0.8838171  -1.531948
0.8850816  -1.540315
0.8862956  -1.548428
0.8875294  -1.556754
0.8887140  -1.564829
0.8899179  -1.573118
0.8910739  -1.581157
0.8922488  -1.589410
0.8933771  -1.597414
0.8945238  -1.605630
0.8956251  -1.613601
0.8967444  -1.621782
0.8978195  -1.629720
0.8989120  -1.637867
0.8999616  -1.645772
0.9010282  -1.653886
0.9020529  -1.661760
0.9030943  -1.669842
0.9040949  -1.677685
0.9051116  -1.685736
0.9060887  -1.693550
0.9070817  -1.701570
0.9080347  -1.709347
0.9090031  -1.717328
0.9099568  -1.725269
0.9109263  -1.733426
0.9121714  -1.744027
0.9136211  -1.756556
0.9145263  -1.764482
0.9154465  -1.772624
0.9163301  -1.780524
0.9172284  -1.788639
0.9180910  -1.796512
0.9189680  -1.804600
0.9198101  -1.812448
0.9206662  -1.820510
0.9214885  -1.828333
0.9223243  -1.836370
0.9231276  -1.844174
0.9239441  -1.852192
0.9247203  -1.859893
0.9255093  -1.867802
0.9262674  -1.875482
0.9270380  -1.883368
0.9277786  -1.891026
0.9285313  -1.898890
0.9292548  -1.906527
0.9299901  -1.914369
0.9306968  -1.921985
0.9314151  -1.929807
0.9321056  -1.937403
0.9328073  -1.945205
0.9334819  -1.952783
0.9341676  -1.960566
0.9348267  -1.968127
0.9354966  -1.975891
0.9361406  -1.983433
0.9367951  -1.991179
0.9374244  -1.998703
0.9380640  -2.006430
0.9386790  -2.013938
0.9393040  -2.021649
0.9399052  -2.029144
0.9405163  -2.036842
0.9410978  -2.044244
0.9416887  -2.051842
0.9422571  -2.059228
0.9428347  -2.066810
0.9433904  -2.074180
0.9439551  -2.081748
0.9444983  -2.089105
0.9450504  -2.096657
0.9455815  -2.104000
0.9461212  -2.111539
0.9466405  -2.118869
0.9471682  -2.126396
0.9476759  -2.133713
0.9481919  -2.141226
0.9486883  -2.148531
0.9491928  -2.156030
0.9496783  -2.163321
0.9501716  -2.170807
0.9506463  -2.178086
0.9511286  -2.185560
0.9515929  -2.192827
0.9520646  -2.200289
0.9525188  -2.207551
0.9529803  -2.215006
0.9534199  -2.222181
0.9538665  -2.229547
0.9542965  -2.236713
0.9547334  -2.244069
0.9551541  -2.251226
0.9555815  -2.258572
0.9564112  -2.273059
0.9572230  -2.287527
0.9580173  -2.301978
0.9587945  -2.316411
0.9595549  -2.330832
0.9602990  -2.345241
0.9610272  -2.359641
0.9617398  -2.374032
0.9624366  -2.388398
0.9631322  -2.403046
0.9635963  -2.412996
0.9638756  -2.419054
0.9645477  -2.433851
0.9652051  -2.448644
0.9658485  -2.463443
0.9664714  -2.478084
0.9670811  -2.492725
0.9676777  -2.507368
0.9682616  -2.522012
0.9688332  -2.536659
0.9693928  -2.551307
0.9699405  -2.565958
0.9704768  -2.580619
0.9710019  -2.595291
0.9715161  -2.609972
0.9720196  -2.624665
0.9725130  -2.639375
0.9729911  -2.653939
0.9734595  -2.668514
0.9739186  -2.683098
0.9743663  -2.697622
0.9748033  -2.712103
0.9752304  -2.726553
0.9756484  -2.740989
0.9760580  -2.755429
0.9764599  -2.769890
0.9768550  -2.784389
0.9772440  -2.798950
0.9776278  -2.813605
0.9780004  -2.828117
0.9783658  -2.842633
0.9787241  -2.857148
0.9790756  -2.871660
0.9794203  -2.886165
0.9797584  -2.900658
0.9800900  -2.915137
0.9804153  -2.929598
0.9807343  -2.944039
0.9810471  -2.958466
0.9813540  -2.972873
0.9816551  -2.987265
0.9819473  -3.001480
0.9822340  -3.015670
0.9825148  -3.029815
0.9827975  -3.044301
0.9829183  -3.050573
0.9831030  -3.060253
0.9833757  -3.074758
0.9836429  -3.089237
0.9839048  -3.103693
0.9841616  -3.118123
0.9844132  -3.132531
0.9846598  -3.146916
0.9849015  -3.161279
0.9851384  -3.175625
0.9853706  -3.189953
0.9855981  -3.204275
0.9858212  -3.218601
0.9860376  -3.232775
0.9862497  -3.246950
0.9864577  -3.261130
0.9866617  -3.275316
0.9868616  -3.289511
0.9870577  -3.303718
0.9872499  -3.317938
0.9874385  -3.332187
0.9876234  -3.346467
0.9878048  -3.360778
0.9879828  -3.375120
0.9881575  -3.389499
0.9883271  -3.403757
0.9884936  -3.418049
0.9886570  -3.432375
0.9888174  -3.446739
0.9889749  -3.461151
0.9891296  -3.475615
0.9892815  -3.490131
0.9894308  -3.504696
0.9895774  -3.519308
0.9897214  -3.533966
0.9898630  -3.548668
0.9900022  -3.563417
0.9901376  -3.578063
0.9902707  -3.592765
0.9904016  -3.607523
0.9905304  -3.622334
0.9906571  -3.637194
0.9907817  -3.652099
0.9909042  -3.667024
0.9910287  -3.682486
0.9910914  -3.690379
0.9911970  -3.703867
0.9913167  -3.719437
0.9914345  -3.735059
0.9915504  -3.750729
0.9916645  -3.766440
0.9917768  -3.782189
0.9918875  -3.797968
0.9919964  -3.813781
0.9921026  -3.829471
0.9922072  -3.845206
0.9923102  -3.860985
0.9924117  -3.876802
0.9925118  -3.892649
0.9926104  -3.908522
0.9927076  -3.924419
0.9928033  -3.940332
0.9928978  -3.956283
0.9929908  -3.972277
0.9930826  -3.988305
0.9931732  -4.004371
0.9932615  -4.020292
0.9933486  -4.036234
0.9934346  -4.052190
0.9935194  -4.068160
0.9936031  -4.084171
0.9936856  -4.100222
0.9937671  -4.116303
0.9938475  -4.132411
0.9939268  -4.148543
0.9940051  -4.164693
0.9940824  -4.180851
0.9941588  -4.197033
0.9942334  -4.213085
0.9943070  -4.229176
0.9943798  -4.245296
0.9944516  -4.261435
0.9945226  -4.277591
0.9945927  -4.293762
0.9946619  -4.309946
0.9947303  -4.326152
0.9947979  -4.342390
0.9948646  -4.358637
0.9949326  -4.375424
0.9949683  -4.384324
0.9950344  -4.400995
0.9950997  -4.417674
0.9951643  -4.434346
0.9952281  -4.451034
0.9952911  -4.467762
0.9953535  -4.484527
0.9954151  -4.501325
0.9954760  -4.518135
0.9955362  -4.534948
0.9955951  -4.551578
0.9956534  -4.568210
0.9957110  -4.584880
0.9957680  -4.601589
0.9958243  -4.618332
0.9958801  -4.635077
0.9959352  -4.651816
0.9959898  -4.668548
0.9960437  -4.685274
0.9960971  -4.702019
0.9961499  -4.718804
0.9962021  -4.735633
0.9962533  -4.752301
0.9963039  -4.768960
0.9963541  -4.785608
0.9964037  -4.802244
0.9964527  -4.818872
0.9965013  -4.835525
0.9965494  -4.852204
0.9965970  -4.868903
0.9966441  -4.885615
0.9966907  -4.902317
0.9967369  -4.919006
0.9967826  -4.935688
0.9968278  -4.952381
0.9968726  -4.969091
0.9969170  -4.985813
0.9969609  -5.002545
0.9970043  -5.019275
0.9970474  -5.035993
0.9970900  -5.052698
0.9971322  -5.069397
0.9971741  -5.086164
0.9972128  -5.101799
0.9972477  -5.116007
0.9972892  -5.133086
0.9973303  -5.150164
0.9973710  -5.167223
0.9974113  -5.184263
0.9974512  -5.201304
0.9974907  -5.218365
0.9975298  -5.235429
0.9975686  -5.252494
0.9976066  -5.269370
0.9976442  -5.286237
0.9976814  -5.303089
0.9977183  -5.319922
0.9977549  -5.336763
0.9977911  -5.353610
0.9978269  -5.370460
0.9978624  -5.387301
0.9978976  -5.404122
0.9979324  -5.420924
0.9979669  -5.437706
0.9980011  -5.454499
0.9980346  -5.471116
0.9980678  -5.487726
0.9981006  -5.504325
0.9981332  -5.520908
0.9981655  -5.537477
0.9981974  -5.554025
0.9982291  -5.570551
0.9982604  -5.587075
0.9982915  -5.603594
0.9983222  -5.620103
0.9983527  -5.636600
0.9983829  -5.653074
0.9984128  -5.669522
0.9984424  -5.685943
0.9984717  -5.702348
0.9985008  -5.718750
0.9985295  -5.735140
0.9985580  -5.751511
0.9985863  -5.767856
0.9986142  -5.784159
0.9986425  -5.800794
0.9986638  -5.813444
0.9986916  -5.830030
0.9987191  -5.846597
0.9987463  -5.863143
0.9987733  -5.879659
0.9987999  -5.896141
0.9988264  -5.912592
0.9988525  -5.929004
0.9988784  -5.945384
0.9989037  -5.961570
0.9989288  -5.977730
0.9989537  -5.993850
0.9989783  -6.009935
0.9990026  -6.025978
0.9990267  -6.041976
0.9990505  -6.057931
0.9990741  -6.073836
0.9990975  -6.089706
0.9991205  -6.105529
0.9991434  -6.121302
0.9991660  -6.137043
0.9991879  -6.152402
0.9992093  -6.167545
0.9992303  -6.182473
0.9992509  -6.197180
0.9992710  -6.211680
0.9992906  -6.225967
0.9993099  -6.240040
0.9993287  -6.253883
0.9993471  -6.267506
0.9993646  -6.280542
0.9993827  -6.294058
0.9993994  -6.306653
0.9994166  -6.319695
0.9994326  -6.331849
0.9994490  -6.344422
0.9994642  -6.356132
0.9994799  -6.368220
0.9994948  -6.379765
0.9995090  -6.390809
0.9995235  -6.402184
0.9995374  -6.413091
0.9995579  -6.429195
0.9995710  -6.439535
0.9995834  -6.449390
0.9995961  -6.459496
0.9996080  -6.468884
0.9996200  -6.478483
0.9996315  -6.487627
0.9996424  -6.496303
0.9996536  -6.505142
0.9996641  -6.513503
0.9996743  -6.521549
0.9996846  -6.529717
0.9996943  -6.537326
0.9997036  -6.544561
0.9997130  -6.551871
0.9997219  -6.558792
0.9997305  -6.565371
0.9997393  -6.571972
0.9997477  -6.578250
0.9997557  -6.584152
0.9997638  -6.590032
0.9997730  -6.596614
0.9997825  -6.603103
0.9997909  -6.608726
0.9997951  -6.611488
0.9997994  -6.614204
0.9998041  -6.617105
0.9998088  -6.619937
0.9998153  -6.623663
0.9998218  -6.627217
0.9998272  -6.629958
0.9998305  -6.631572
0.9998338  -6.633127
0.9998371  -6.634620
0.9998405  -6.636047
0.9998442  -6.637561
0.9998480  -6.638999
0.9998528  -6.640745
0.9998577  -6.642408
0.9998606  -6.643388
0.9998647  -6.644763
0.9998688  -6.646210
0.9998727  -6.647722
0.9998783  -6.650211
0.9998806  -6.651423
0.9998829  -6.652752
0.9998856  -6.654415
0.9998883  -6.656246
0.9998907  -6.658031
0.9998931  -6.659955
0.9998954  -6.661853
0.9998976  -6.663858
0.9999003  -6.666339
0.9999028  -6.668847
0.9999054  -6.671487
0.9999081  -6.674424
0.9999114  -6.678042
0.9999130  -6.679924
0.9999146  -6.681849
0.9999175  -6.685356
0.9999204  -6.689008
0.9999229  -6.692138
0.9999253  -6.695372
0.9999275  -6.698257
0.9999296  -6.701214
0.9999317  -6.704028
0.9999337  -6.706917
0.9999355  -6.709452
0.9999373  -6.712037
0.9999391  -6.714653
0.9999409  -6.717331
0.9999439  -6.721895
0.9999465  -6.725799
0.9999491  -6.729796
0.9999512  -6.733122
0.9999530  -6.735940
0.9999548  -6.738799
0.9999572  -6.742657
0.9999598  -6.746917
0.9999624  -6.751263
0.9999638  -6.753631
0.9999653  -6.756018
0.9999669  -6.758704
0.9999685  -6.761430
0.9999703  -6.764523
0.9999721  -6.767662
0.9999741  -6.771131
0.9999762  -6.774650
0.9999776  -6.777123
0.9999790  -6.779617
0.9999805  -6.782164
0.9999819  -6.784735
0.9999835  -6.787551
0.9999851  -6.790400
0.9999867  -6.793278
0.9999883  -6.796190
0.9999892  -6.797732
0.9999900  -6.799276
0.9999909  -6.800832
0.9999917  -6.802396
0.9999926  -6.803969
0.9999935  -6.805552
0.9999943  -6.807142
0.9999952  -6.808745
0.9999964  -6.810944
0.9999976  -6.813157
0.9999988  -6.815366
0.9999994  -6.816478
1.0000000  -6.817592
1.0000000  -6.820600
1.0000017  -6.823364
1.0000035  -6.826163
1.0000053  -6.828999
1.0000070  -6.831870
1.0000088  -6.834778
1.0000106  -6.837721
1.0000124  -6.840699
1.0000142  -6.843713
1.0000160  -6.846762
1.0000179  -6.849847
1.0000197  -6.852964
1.0000216  -6.856110
1.0000234  -6.859279
1.0000253  -6.862471
1.0000271  -6.865687
1.0000290  -6.868925
1.0000309  -6.872186
1.0000328  -6.875467
1.0000346  -6.878771
1.0000365  -6.882095
1.0000384  -6.885439
1.0000403  -6.888804
1.0000422  -6.892188
1.0000440  -6.895592
1.0000459  -6.899016
1.0000478  -6.902458
1.0000497  -6.905918
1.0000516  -6.909397
1.0000535  -6.912895
1.0000554  -6.916410
1.0000573  -6.919943
1.0000592  -6.923494
1.0000611  -6.927062
1.0000630  -6.930647
1.0000649  -6.934250
1.0000668  -6.937869
1.0000687  -6.941505
1.0000706  -6.945158
1.0000725  -6.948826
1.0000744  -6.952511
1.0000763  -6.956212
1.0000782  -6.959929
1.0000801  -6.963661
1.0000820  -6.967408
1.0000839  -6.971170
1.0000858  -6.974947
1.0000877  -6.978738
1.0000896  -6.982544
1.0000915  -6.986364
1.0000934  -6.990198
1.0000953  -6.994045
1.0000972  -6.997906
1.0000991  -7.001780
1.0001010  -7.005668
1.0001029  -7.009570
1.0001048  -7.013484
1.0001067  -7.017411
1.0001086  -7.021351
1.0001105  -7.025302
1.0001124  -7.029266
1.0001143  -7.033242
1.0001162  -7.037229
1.0001181  -7.041228
1.0001199  -7.045239
1.0001218  -7.049261
1.0001237  -7.053294
1.0001256  -7.057338
1.0001275  -7.061394
1.0001294  -7.065460
1.0001313  -7.069537
1.0001331  -7.073625
1.0001350  -7.077724
1.0001369  -7.081833
1.0001388  -7.085952
1.0001406  -7.090082
1.0001425  -7.094222
1.0001444  -7.098372
1.0001463  -7.102529
1.0001481  -7.106695
1.0001500  -7.110870
1.0001519  -7.115052
1.0001538  -7.119243
1.0001556  -7.123441
1.0001575  -7.127646
1.0001593  -7.131860
1.0001612  -7.136080
1.0001631  -7.140308
1.0001649  -7.144542
1.0001668  -7.148784
1.0001686  -7.153032
1.0001705  -7.157287
1.0001723  -7.161548
1.0001742  -7.165815
1.0001760  -7.170089
1.0001779  -7.174369
1.0001797  -7.178654
1.0001816  -7.182945
1.0001834  -7.187242
1.0001852  -7.191544
1.0001871  -7.195851
1.0001889  -7.200164
1.0001907  -7.204481
1.0001926  -7.208803
1.0001944  -7.213130
1.0001962  -7.217461
1.0001981  -7.221797
1.0001999  -7.226137
1.0002017  -7.230481
1.0002035  -7.234829
1.0002053  -7.239181
1.0002072  -7.243536
1.0002090  -7.247895
1.0002108  -7.252257
1.0002126  -7.256622
1.0002144  -7.260990
1.0002162  -7.265361
1.0002180  -7.269735
1.0002198  -7.274111
1.0002216  -7.278490
1.0002234  -7.282871
1.0002252  -7.287254
1.0002270  -7.291639
1.0002288  -7.296025
1.0002306  -7.300413
1.0002323  -7.304803
1.0002341  -7.309193
1.0002359  -7.313585
1.0002377  -7.317978
1.0002395  -7.322371
1.0002412  -7.326765
1.0002430  -7.331160
1.0002448  -7.335555
1.0002465  -7.339949
1.0002483  -7.344344
1.0002501  -7.348739
1.0002518  -7.353133
1.0002536  -7.357526
1.0002553  -7.361919
1.0002571  -7.366310
1.0002588  -7.370701
1.0002606  -7.375090
1.0002623  -7.379478
1.0002641  -7.383864
1.0002658  -7.388248
1.0002675  -7.392631
1.0002693  -7.397011
1.0002710  -7.401388
1.0002727  -7.405764
1.0002744  -7.410136
1.0002762  -7.414506
1.0002779  -7.418872
1.0002796  -7.423235
1.0002813  -7.427595
1.0002830  -7.431951
1.0002847  -7.436303
1.0002864  -7.440651
1.0002881  -7.444995
1.0002898  -7.449335
1.0002915  -7.453669
1.0002932  -7.458000
1.0002949  -7.462325
1.0002965  -7.466645
1.0002982  -7.470959
1.0002999  -7.475268
1.0003016  -7.479571
1.0003032  -7.483869
1.0003049  -7.488160
1.0003065  -7.492445
1.0003082  -7.496723
1.0003098  -7.500994
1.0003115  -7.505259
1.0003131  -7.509516
1.0003148  -7.513766
1.0003164  -7.518009
1.0003180  -7.522243
1.0003197  -7.526470
1.0003213  -7.530688
1.0003229  -7.534898
1.0003245  -7.539100
1.0003261  -7.543292
1.0003277  -7.547476
1.0003293  -7.551651
1.0003309  -7.555816
1.0003325  -7.559971
1.0003341  -7.564117
1.0003357  -7.568253
1.0003373  -7.572379
1.0003388  -7.576494
1.0003404  -7.580599
1.0003420  -7.584693
1.0003435  -7.588776
1.0003451  -7.592848
1.0003466  -7.596908
1.0003481  -7.600957
1.0003497  -7.604993
1.0003512  -7.609018
1.0003527  -7.613030
1.0003543  -7.617030
1.0003558  -7.621017
1.0003573  -7.624991
1.0003588  -7.628952
1.0003603  -7.632900
1.0003618  -7.636834
1.0003633  -7.640754
1.0003647  -7.644660
1.0003662  -7.648552
1.0003677  -7.652429
1.0003691  -7.656291
1.0003706  -7.660139
1.0003720  -7.663971
1.0003735  -7.667788
1.0003749  -7.671589
1.0003763  -7.675374
1.0003778  -7.679144
1.0003792  -7.682897
1.0003806  -7.686633
1.0003820  -7.690353
1.0003834  -7.694056
1.0003848  -7.697741
1.0003862  -7.701409
1.0003875  -7.705060
1.0003889  -7.708693
1.0003903  -7.712308
1.0003916  -7.715905
1.0003930  -7.719483
1.0003943  -7.723042
1.0003956  -7.726583
1.0003970  -7.730105
1.0003983  -7.733607
1.0003996  -7.737090
1.0004009  -7.740554
1.0004022  -7.743997
1.0004035  -7.747421
1.0004047  -7.750824
1.0004060  -7.754207
1.0004073  -7.757569
1.0004085  -7.760910
1.0004098  -7.764231
1.0004110  -7.767530
1.0004122  -7.770808
1.0004135  -7.774065
1.0004147  -7.777299
1.0004159  -7.780512
1.0004171  -7.783703
1.0004183  -7.786872
1.0004194  -7.790019
1.0004206  -7.793143
1.0004218  -7.796244
1.0004229  -7.799323
1.0004241  -7.802379
1.0004252  -7.805411
1.0004263  -7.808421
1.0004274  -7.811407
1.0004285  -7.814370
1.0004296  -7.817309
1.0004307  -7.820225
1.0004318  -7.823117
1.0004329  -7.825985
1.0004340  -7.828829
1.0004350  -7.831649
1.0004360  -7.834445
1.0004371  -7.837217
1.0004381  -7.839964
1.0004391  -7.842687
1.0004401  -7.845386
1.0004411  -7.848059
1.0004421  -7.850709
1.0004431  -7.853334
1.0004441  -7.855934
1.0004450  -7.858509
1.0004460  -7.861059
1.0004469  -7.863585
1.0004479  -7.866086
1.0004488  -7.868562
1.0004497  -7.871013
1.0004506  -7.873439
1.0004515  -7.875840
1.0004524  -7.878216
1.0004533  -7.880568
1.0004541  -7.882894
1.0004550  -7.885196
1.0004558  -7.887473
1.0004567  -7.889725
1.0004575  -7.891952
1.0004583  -7.894155
1.0004591  -7.896332
1.0004599  -7.898485
1.0004607  -7.900614
1.0004615  -7.902718
1.0004623  -7.904797
1.0004631  -7.906852
1.0004638  -7.908883
1.0004646  -7.910889
1.0004653  -7.912871
1.0004660  -7.914829
1.0004667  -7.916763
1.0004675  -7.918673
1.0004682  -7.920560
1.0004689  -7.922423
1.0004695  -7.924262
1.0004702  -7.926072
1.0004709  -7.927858
1.0004715  -7.929626
1.0004722  -7.931372
1.0004728  -7.933095
1.0004735  -7.934795
1.0004741  -7.936472
1.0004747  -7.938126
1.0004753  -7.939759
1.0004759  -7.941369
1.0004765  -7.942956
1.0004771  -7.944522
1.0004777  -7.946066
1.0004782  -7.947588
1.0004788  -7.949089
1.0004793  -7.950569
1.0004799  -7.952027
1.0004804  -7.953465
1.0004809  -7.954881
1.0004815  -7.956277
1.0004820  -7.957653
1.0004825  -7.959008
1.0004830  -7.960343
1.0004835  -7.961658
1.0004839  -7.962954
1.0004844  -7.964230
1.0004849  -7.965486
1.0004853  -7.966724
1.0004858  -7.967943
1.0004862  -7.969142
1.0004867  -7.970324
1.0004871  -7.971486
1.0004875  -7.972631
1.0004880  -7.973758
1.0004884  -7.974867
1.0004888  -7.975958
1.0004892  -7.977032
1.0004896  -7.978089
1.0004899  -7.979129
1.0004903  -7.980152
1.0004907  -7.981158
1.0004911  -7.982148
1.0004914  -7.983122
1.0004918  -7.984080
1.0004921  -7.985022
1.0004925  -7.985948
1.0004928  -7.986859
1.0004932  -7.987755
1.0004935  -7.988635
1.0004938  -7.989501
1.0004941  -7.990353
1.0004944  -7.991190
1.0004947  -7.992012
1.0004950  -7.992821
1.0004953  -7.993616
1.0004956  -7.994397
1.0004959  -7.995165
1.0004962  -7.995919
1.0004965  -7.996660
1.0004967  -7.997389
1.0004970  -7.998104
1.0004973  -7.998808
1.0004975  -7.999498
1.0004978  -8.000177
1.0004980  -8.000844
1.0004983  -8.001499
1.0004985  -8.002142
1.0004987  -8.002774
1.0004990  -8.003394
1.0004992  -8.004003
1.0004994  -8.004602
1.0004996  -8.005189
1.0004998  -8.005766
1.0005001  -8.006333
1.0005003  -8.006889
1.0005005  -8.007436
1.0005007  -8.007972
1.0005009  -8.008498
1.0005011  -8.009015
1.0005012  -8.009522
1.0005014  -8.010020
1.0005016  -8.010509
1.0005018  -8.010989
1.0005020  -8.011460
1.0005021  -8.011922
1.0005023  -8.012376
1.0005025  -8.012821
1.0005026  -8.013258
1.0005028  -8.013687
1.0005029  -8.014107
1.0005031  -8.014520
1.0005032  -8.014925
1.0005034  -8.015323
1.0005035  -8.015713
1.0005037  -8.016095
1.0005038  -8.016471
1.0005040  -8.016839
1.0005041  -8.017200
1.0005042  -8.017555
1.0005044  -8.017902
1.0005045  -8.018243
1.0005046  -8.018578
1.0005047  -8.018906
1.0005048  -8.019228
1.0005050  -8.019543
1.0005051  -8.019853
1.0005052  -8.020157
1.0005053  -8.020455
1.0005054  -8.020747
1.0005055  -8.021033
1.0005056  -8.021314
1.0005057  -8.021590
1.0005058  -8.021860
1.0005059  -8.022125
1.0005060  -8.022385
1.0005061  -8.022639
1.0005062  -8.022889
1.0005063  -8.023134
1.0005064  -8.023374
1.0005065  -8.023610
1.0005066  -8.023841
1.0005067  -8.024289
1.0005068  -8.024507
1.0005069  -8.024720
1.0005070  -8.024929
1.0005071  -8.025335
1.0005072  -8.025532
1.0005073  -8.025726
1.0005074  -8.026101
1.0005075  -8.026283
1.0005076  -8.026636
1.0005077  -8.026807
1.0005078  -8.027140
1.0005079  -8.027460
1.0005080  -8.027615
1.0005081  -8.027916
1.0005082  -8.028205
1.0005083  -8.028483
1.0005084  -8.028750
1.0005085  -8.029006
1.0005086  -8.029252
1.0005087  -8.029488
1.0005088  -8.029825
1.0005089  -8.030039
1.0005090  -8.030344
1.0005091  -8.030630
1.0005092  -8.030900
1.0005093  -8.031154
1.0005094  -8.031393
1.0005095  -8.031689
1.0005096  -8.031962
1.0005097  -8.032214
1.0005098  -8.032446
1.0005099  -8.032710
1.0005100  -8.032994
1.0005101  -8.033284
1.0005102  -8.033534
1.0005103  -8.033808
1.0005104  -8.034058
1.0005105  -8.034332
1.0005106  -8.034597
1.0005107  -8.034864
1.0005108  -8.035133