# log10(E) E flux_i . . . .
-0.56 0.275423 4.72606e-07 5.3183e-06 1.21845e-07 0.0274239 0.00674868 0.715944 0.249878
-0.559886 0.275495 3.39746e-06 7.42204e-06 5.23977e-07 0.0233286 0.00722519 0.718601 0.250834
-0.559771 0.275568 6.37106e-06 4.65906e-06 3.39296e-06 0.0194103 0.00779291 0.720879 0.251903
-0.559657 0.27564 1.41673e-06 4.59837e-06 8.65215e-06 0.0157249 0.00844248 0.722762 0.253056
-0.559543 0.275713 2.54846e-06 1.48704e-05 6.21082e-06 0.0123256 0.00916356 0.724213 0.254274
-0.559429 0.275786 2.51897e-06 1.49458e-05 1.53884e-06 0.00926246 0.00994656 0.725218 0.255554
-0.559314 0.275858 4.492e-07 9.30934e-06 3.99872e-06 0.00657935 0.0107783 0.725766 0.256863
-0.5592 0.275931 5.88223e-06 1.12714e-05 6.66073e-06 0.00431562 0.0116473 0.725837 0.258176
-0.559086 0.276003 4.68928e-06 7.53775e-06 1.25639e-05 0.00250395 0.0125431 0.725444 0.259484
-0.558971 0.276076 1.67975e-07 8.22085e-06 1.80234e-05 0.00116998 0.0134499 0.724602 0.260752
-0.558857 0.276149 1.74145e-06 1.89714e-05 9.80987e-06 0.000333076 0.0143547 0.723312 0.26197
-0.558743 0.276221 1.07798e-07 1.54159e-05 5.23516e-06 4.92121e-06 0.0152451 0.721603 0.263126
-0.558629 0.276294 3.84809e-06 7.63253e-06 1.1872e-05 0.000189968 0.0161067 0.719496 0.264184
-0.558514 0.276367 8.38784e-06 8.3374e-06 1.47845e-05 0.000884974 0.0169296 0.717019 0.265135
-0.5584 0.276439 1.64732e-06 4.55348e-06 1.91406e-05 0.00207944 0.0177013 0.714229 0.265965
-0.558286 0.276512 1.31124e-06 5.7912e-06 1.84132e-05 0.00375615 0.0184079 0.711157 0.266654
-0.558171 0.276585 2.7476e-06 1.09799e-05 6.48879e-06 0.00588965 0.0190416 0.707843 0.267206
-0.558057 0.276658 1.438e-06 5.26625e-06 5.93205e-06 0.00844906 0.0195925 0.704347 0.267599
-0.557943 0.276731 9.1247e-06 5.33834e-07 1.17867e-05 0.0113967 0.0200532 0.700711 0.267818
-0.557829 0.276803 6.57186e-06 5.30171e-07 9.94142e-06 0.0146895 0.0204187 0.696999 0.267876
-0.557714 0.276876 5.45239e-08 1.58996e-08 8.34639e-06 0.0182805 0.0206797 0.693272 0.267759
-0.5576 0.276949 5.50596e-06 6.46176e-07 3.55355e-06 0.0221157 0.0208341 0.689567 0.267473
-0.557486 0.277022 3.44991e-06 4.07567e-07 6.89353e-08 0.0261408 0.020882 0.685948 0.267025
-0.557371 0.277095 3.67008e-06 3.97044e-06 3.05199e-06 0.0302974 0.0208203 0.682471 0.2664
-0.557257 0.277168 7.13604e-06 6.19763e-06 1.7548e-06 0.034524 0.0206516 0.679186 0.265624
-0.557143 0.277241 6.72006e-07 4.74669e-06 6.25996e-08 0.0387617 0.020376 0.676151 0.264706
-0.557029 0.277314 3.73979e-06 7.91001e-06 8.45681e-07 0.0429478 0.0199977 0.673393 0.263649
-0.556914 0.277387 5.83344e-06 5.42362e-06 5.92405e-06 0.0470211 0.0195258 0.67096 0.262476
-0.5568 0.27746 5.89796e-07 7.35775e-06 1.31024e-05 0.0509251 0.0189638 0.668902 0.261188
-0.556686 0.277533 2.09418e-06 1.9202e-05 7.63251e-06 0.0546024 0.0183204 0.667237 0.259812
-0.556571 0.277606 1.93994e-07 1.50376e-05 4.65475e-06 0.0580011 0.017605 0.665998 0.258376
-0.556457 0.277679 4.31063e-06 8.36291e-06 1.16987e-05 0.0610709 0.0168271 0.665199 0.256879
-0.556343 0.277752 7.71994e-06 8.48333e-06 1.50893e-05 0.0637677 0.0160015 0.664848 0.255352
-0.556229 0.277825 4.97957e-07 3.62421e-06 1.99268e-05 0.0660568 0.0151366 0.664971 0.253812
-0.556114 0.277898 2.72628e-06 6.36336e-06 1.45272e-05 0.0679013 0.0142443 0.665553 0.252277
-0.556 0.277971 2.2292e-06 7.4447e-06 3.2161e-06 0.0692764 0.0133397 0.666587 0.250784
-0.555886 0.278044 4.04455e-06 1.43068e-06 6.64253e-06 0.0701636 0.0124345 0.668062 0.249328
-0.555771 0.278118 9.8569e-06 1.81232e-07 7.65126e-06 0.0705494 0.0115428 0.669952 0.247938
-0.555657 0.278191 1.42651e-06 5.36198e-07 3.37091e-06 0.070431 0.0106751 0.672248 0.24664
-0.555543 0.278264 3.27854e-06 2.88035e-06 8.3986e-07 0.0698067 0.00984336 0.674903 0.24544
-0.555429 0.278337 5.9171e-06 1.41499e-06 1.46306e-06 0.0686885 0.00906243 0.677875 0.244366
-0.555314 0.278411 1.17843e-06 6.22241e-06 6.84251e-06 0.0670931 0.00834082 0.68114 0.243412
-0.5552 0.278484 3.49091e-06 1.69337e-05 3.65863e-06 0.0650418 0.00768924 0.684644 0.242601
-0.555086 0.278557 3.45692e-07 1.22414e-05 3.43524e-06 0.0625665 0.00711652 0.688348 0.241953
-0.554971 0.27863 4.85393e-06 1.00706e-05 9.88133e-06 0.0597001 0.00663063 0.692188 0.241456
-0.554857 0.278704 6.07006e-06 8.90071e-06 1.52265e-05 0.0564866 0.0062404 0.696114 0.241128
-0.554743 0.278777 2.42556e-08 4.52286e-06 2.12131e-05 0.0529717 0.00594873 0.700091 0.240963
-0.554629 0.278851 3.18035e-06 9.82442e-06 1.10336e-05 0.049204 0.00576018 0.704044 0.240968
-0.554514 0.278924 1.21895e-06 6.24497e-06 3.51412e-06 0.0452397 0.00567794 0.707923 0.241148
-0.5544 0.278997 7.47467e-06 3.86275e-07 8.64829e-06 0.0411338 0.00570244 0.711671 0.241476
-0.554286 0.279071 7.17133e-06 2.45306e-07 5.49376e-06 0.0369468 0.00583437 0.715241 0.241965
-0.554171 0.279144 7.96373e-08 1.98253e-06 1.54987e-06 0.0327367 0.00606922 0.71859 0.2426
-0.554057 0.279218 6.44776e-06 3.70907e-06 2.84651e-07 0.0285635 0.00640447 0.721649 0.243372
-0.553943 0.279291 2.582e-06 2.86511e-06 6.78696e-06 0.0244882 0.00683649 0.724395 0.244268
-0.553829 0.279365 1.82584e-06 1.51207e-05 8.37771e-06 0.0205666 0.00735715 0.72679 0.245261
-0.553714 0.279438 1.09436e-06 1.74323e-05 3.44876e-06 0.0168559 0.00795965 0.728803 0.246359
-0.5536 0.279512 2.72345e-06 8.63599e-06 1.05812e-05 0.0134073 0.00863388 0.730409 0.247528
-0.553486 0.279585 8.4357e-06 7.81999e-06 1.51347e-05 0.0102705 0.00937253 0.731575 0.24875
-0.553371 0.279659 6.18477e-07 2.60767e-06 1.80528e-05 0.00748971 0.0101649 0.732313 0.250011
-0.553257 0.279732 3.6451e-06 3.0694e-06 1.09604e-05 0.00510334 0.010997 0.732596 0.251286
-0.553143 0.279806 3.02131e-06 2.45023e-06 7.47471e-07 0.0031457 0.01186 0.732417 0.252571
-0.553029 0.27988 4.60263e-06 2.68152e-06 3.72797e-06 0.00164331 0.0127402 0.731785 0.25382
-0.552914 0.279953 6.55233e-06 5.3609e-06 1.35783e-06 0.000617715 0.0136265 0.73071 0.255033
-0.5528 0.280027 1.42012e-07 6.30224e-06 5.65026e-07 8.24881e-05 0.0145033 0.729219 0.256189
-0.552686 0.280101 6.39768e-06 1.00821e-05 4.76209e-06 4.49356e-05 0.0153588 0.727311 0.257264
-0.552571 0.280174 2.09434e-06 5.96388e-06 1.6352e-05 0.000505055 0.0161839 0.725039 0.258247
-0.552457 0.280248 1.15127e-06 1.33921e-05 1.63828e-05 0.00145592 0.016963 0.722439 0.259111
-0.552343 0.280322 8.45783e-07 1.42565e-05 5.31217e-06 0.00288332 0.0176873 0.719543 0.259866
-0.552229 0.280396 4.94156e-06 2.43704e-06 1.0655e-05 0.0047674 0.0183459 0.716392 0.260476
-0.552114 0.28047 9.29667e-06 2.28624e-07 9.82837e-06 0.00707975 0.0189328 0.713029 0.260939
-0.552 0.280543 8.05288e-08 4.99898e-07 4.16969e-06 0.00978837 0.0194362 0.709519 0.261252
-0.551886 0.280617 5.98835e-06 2.67986e-06 2.53218e-07 0.0128546 0.0198484 0.705883 0.261405
-0.551771 0.280691 2.93192e-06 2.30074e-06 5.61385e-06 0.0162344 0.0201673 0.702189 0.261398
-0.551657 0.280765 1.82305e-06 1.5288e-05 8.42382e-06 0.0198799 0.0203845 0.698497 0.261213
-0.551543 0.280839 7.11562e-07 1.71943e-05 3.99387e-06 0.0237389 0.0204984 0.69486 0.26088
-0.551429 0.280913 4.18416e-06 7.3373e-06 1.24063e-05 0.0277594 0.020506 0.69133 0.260381
-0.551314 0.280987 8.02943e-06 5.24013e-06 1.52004e-05 0.0318804 0.0204124 0.687952 0.259726
-0.5512 0.281061 2.34415e-08 5.83188e-07 1.38441e-05 0.0360469 0.0202149 0.6848 0.258923
-0.551086 0.281135 5.71214e-06 9.30049e-07 3.58232e-06 0.0401993 0.0199164 0.681887 0.257987
-0.550971 0.281209 2.297e-06 9.6044e-07 1.13908e-06 0.0442799 0.0195237 0.679263 0.256929
-0.550857 0.281283 4.70092e-06 1.09224e-05 3.05169e-06 0.0482295 0.0190398 0.676967 0.255745
-0.550743 0.281357 1.29744e-06 1.15428e-05 1.54492e-06 0.0519938 0.0184712 0.675041 0.254479
-0.550629 0.281431 4.33251e-06 1.01368e-05 9.09882e-06 0.0555227 0.0178246 0.673503 0.253126
-0.550514 0.281505 5.62558e-06 8.09313e-06 1.61356e-05 0.0587619 0.0171146 0.672382 0.251712
-0.5504 0.281579 3.46632e-07 3.19971e-06 1.90732e-05 0.0616692 0.0163461 0.671716 0.250246
-0.550286 0.281653 4.45573e-06 4.81716e-06 4.52651e-06 0.0642033 0.0155323 0.671487 0.248764
-0.550171 0.281727 2.27538e-06 1.58402e-06 2.24894e-06 0.066331 0.0146848 0.671706 0.247272
-0.550057 0.281801 7.40621e-06 6.24436e-06 2.37127e-06 0.0680185 0.0138148 0.672367 0.245784
-0.549943 0.281875 4.79516e-07 6.96777e-06 7.03516e-07 0.0692459 0.0129321 0.673475 0.244339
-0.549829 0.28195 5.86261e-06 1.11157e-05 6.60852e-06 0.0699969 0.0120501 0.674992 0.242938
-0.549714 0.282024 2.69942e-06 6.57065e-06 1.79819e-05 0.0702599 0.0111835 0.676922 0.241607
-0.5496 0.282098 1.61288e-06 7.91974e-06 1.75268e-05 0.0700295 0.0103409 0.679249 0.240353
-0.549486 0.282172 2.24138e-06 7.14994e-06 2.9825e-06 0.0693129 0.00953683 0.681923 0.239215
-0.549371 0.282247 5.3038e-06 1.23672e-06 5.45573e-06 0.0681202 0.00878142 0.684909 0.238177
-0.549257 0.282321 6.43549e-06 3.53403e-06 1.72778e-06 0.0664661 0.00808559 0.688166 0.237271
-0.549143 0.282395 6.42457e-07 6.94877e-06 8.57195e-07 0.0643738 0.00745556 0.691657 0.236505
-0.549029 0.282469 6.70728e-06 9.77515e-06 8.2703e-06 0.0618772 0.00690329 0.695309 0.235886
-0.548914 0.282544 1.83991e-07 6.26132e-06 2.07404e-05 0.0590085 0.00643521 0.699113 0.235416
-0.5488 0.282618 2.77071e-06 1.25094e-05 1.01884e-05 0.0558044 0.00605733 0.703006 0.235106
-0.548686 0.282692 1.56735e-06 4.00597e-06 4.26119e-06 0.0523156 0.00577591 0.706933 0.234965
-0.548571 0.282767 9.18068e-06 1.27109e-06 6.06515e-06 0.048589 0.00559475 0.710829 0.234971
-0.548457 0.282841 1.32654e-06 3.3954e-06 2.46366e-07 0.0446761 0.0055154 0.714656 0.235147
-0.548343 0.282916 4.98286e-06 9.34516e-06 2.68457e-06 0.0406276 0.00553727 0.718343 0.235475
-0.548229 0.28299 3.11215e-06 6.47781e-06 1.56088e-05 0.0365093 0.00566258 0.721849 0.235954
-0.548114 0.283065 1.2862e-06 1.09058e-05 1.74572e-05 0.0323702 0.00588701 0.725151 0.236562
-0.548 0.283139 1.51125e-06 9.2338e-06 3.801e-06 0.0282695 0.00620908 0.728189 0.237318
-0.547886 0.283214 6.42021e-06 7.41929e-07 6.99058e-06 0.0242653 0.00662394 0.730919 0.238178
-0.547771 0.283288 5.55201e-06 2.55144e-06 1.75547e-06 0.0204149 0.00712699 0.733302 0.239146
-0.547657 0.283363 1.54456e-06 7.48647e-06 9.84731e-07 0.0167669 0.00770763 0.735311 0.240205
-0.547543 0.283437 5.96652e-06 8.69993e-06 1.05441e-05 0.0133741 0.00836037 0.736901 0.24134
-0.547429 0.283512 1.24368e-07 7.3111e-06 2.08067e-05 0.0102851 0.00907476 0.738092 0.242519
-0.547314 0.283587 2.76818e-06 1.08907e-05 6.15938e-06 0.00754 0.00984079 0.738852 0.243747
-0.5472 0.283661 3.25953e-06 1.54591e-06 4.96378e-06 0.00517669 0.0106495 0.739172 0.244992
-0.547086 0.283736 7.90447e-06 3.38463e-06 2.74899e-06 0.00322888 0.0114905 0.739036 0.246231
-0.546971 0.283811 1.97822e-07 6.60746e-06 8.23813e-07 0.0017226 0.0123489 0.738463 0.247458
-0.546857 0.283885 6.91539e-06 1.07006e-05 8.85736e-06 0.000678156 0.0132131 0.737435 0.248647
-0.546743 0.28396 2.01339e-07 5.29926e-06 2.12226e-05 0.000109949 0.0140739 0.73601 0.249779
-0.546629 0.284035 3.65199e-06 8.43931e-06 8.86377e-06 2.57661e-05 0.0149155 0.734198 0.250839
-0.546514 0.284109 1.99338e-06 1.90178e-06 2.37205e-06 0.00042625 0.0157308 0.732018 0.251819
-0.5464 0.284184 7.5078e-06 5.93333e-06 2.48429e-06 0.00130584 0.0165082 0.729488 0.252682
-0.546286 0.284259 2.43581e-07 7.84179e-06 1.51931e-06 0.00265234 0.0172342 0.726661 0.253442
-0.546171 0.284334 7.10079e-06 1.12645e-05 1.03617e-05 0.00444638 0.0178972 0.72356 0.254068
-0.546057 0.284409 7.71783e-07 4.26989e-06 2.01013e-05 0.00666372 0.0184938 0.720261 0.254556
-0.545943 0.284484 4.27865e-06 4.05591e-06 8.95293e-06 0.00927453 0.0190113 0.7168 0.254897
-0.545829 0.284558 2.15714e-06 1.12972e-06 8.10198e-07 0.0122404 0.0194466 0.713215 0.255094
-0.545714 0.284633 5.49272e-06 1.06442e-05 2.3591e-06 0.0155222 0.0197921 0.709549 0.255118
-0.5456 0.284708 2.40942e-07 1.07405e-05 3.52536e-06 0.0190759 0.0200411 0.705868 0.255001
-0.545486 0.284783 7.87397e-06 9.31596e-06 1.36217e-05 0.022851 0.0201897 0.702212 0.254716
-0.545371 0.284858 1.19205e-06 2.39451e-06 1.65294e-05 0.0267951 0.0202412 0.698665 0.254278
-0.545257 0.284933 4.99515e-06 8.08103e-07 5.06924e-06 0.0308564 0.02019 0.695255 0.253688
-0.545143 0.285008 2.5055e-06 1.15524e-06 2.20772e-06 0.0349789 0.0200419 0.692013 0.252961
-0.545029 0.285083 3.09019e-06 1.66509e-05 4.91117e-06 0.0391044 0.0197934 0.688995 0.252082
-0.544914 0.285158 9.09804e-08 1.2355e-05 6.62706e-06 0.043179 0.0194483 0.686257 0.251096
-0.5448 0.285233 9.45175e-06 4.27302e-06 1.50359e-05 0.0471455 0.0190142 0.683827 0.249984
-0.544686 0.285308 1.08011e-06 1.43234e-07 8.90577e-06 0.050952 0.0184991 0.681761 0.248777
-0.544571 0.285383 5.78506e-06 2.26323e-06 4.16628e-07 0.0545434 0.0179043 0.680059 0.247485
-0.544457 0.285458 1.90007e-06 4.10249e-06 9.45192e-06 0.0578741 0.0172427 0.678741 0.246127
-0.544343 0.285534 1.72827e-06 1.91665e-05 9.73507e-06 0.0608988 0.0165186 0.677845 0.244707
-0.544229 0.285609 8.581e-07 8.32626e-06 7.55928e-06 0.0635747 0.015744 0.677396 0.243269
-0.544114 0.285684 1.01972e-05 1.82423e-08 9.83483e-06 0.065865 0.0149328 0.677383 0.241799
-0.544 0.285759 3.14737e-07 2.12805e-06 8.40316e-07 0.0677441 0.0140926 0.67782 0.24034
-0.543886 0.285834 6.54858e-06 8.56663e-06 3.55008e-06 0.0691808 0.0132335 0.678666 0.238901
-0.543771 0.285909 4.58071e-07 6.29782e-06 1.97626e-05 0.0701595 0.0123689 0.679948 0.237497
-0.543657 0.285985 2.97114e-06 1.16597e-05 9.14157e-06 0.0706651 0.0115092 0.681652 0.236149
-0.543543 0.28606 2.39702e-06 1.87084e-06 3.63606e-06 0.0706934 0.010669 0.68375 0.234879
-0.543429 0.286135 7.20453e-06 5.93002e-06 1.76488e-06 0.0702422 0.00985827 0.686198 0.233687
-0.543314 0.286211 6.27463e-07 8.69159e-06 3.4545e-06 0.0693202 0.00908384 0.688976 0.232607
-0.5432 0.286286 7.18074e-06 9.7881e-06 1.42994e-05 0.0679371 0.00836061 0.692034 0.231637
-0.543086 0.286361 2.21655e-07 1.96162e-06 1.74022e-05 0.0661163 0.00769661 0.695377 0.23079
-0.542971 0.286437 5.50722e-06 8.99496e-07 9.0753e-07 0.063878 0.00710147 0.698924 0.230089
-0.542857 0.286512 2.05997e-06 7.01496e-06 4.55195e-06 0.0612564 0.00658284 0.702625 0.229522
-0.542743 0.286587 1.62641e-06 1.73509e-05 2.87936e-06 0.0582862 0.00614618 0.706436 0.22911
-0.542629 0.286663 5.31016e-06 6.22085e-06 1.352e-05 0.0550062 0.00579648 0.710321 0.228851
-0.542514 0.286738 5.51716e-06 1.22771e-06 1.13259e-05 0.0514634 0.0055427 0.71423 0.228746
-0.5424 0.286814 2.73685e-06 2.00784e-06 1.55236e-06 0.0477037 0.00538387 0.718111 0.228795
-0.542286 0.286889 4.17166e-06 3.44453e-06 7.26963e-06 0.0437795 0.00532434 0.721877 0.229004
-0.542171 0.286965 1.18301e-06 1.55908e-05 1.41809e-05 0.0397428 0.00536201 0.725518 0.229346
-0.542057 0.28704 6.60773e-07 9.41189e-06 5.12367e-06 0.0356484 0.00549776 0.72899 0.229849
-0.541943 0.287116 9.22141e-06 5.51909e-07 7.31289e-06 0.0315506 0.0057308 0.732234 0.230468
-0.541829 0.287191 7.26767e-07 4.45237e-06 5.26203e-08 0.0275071 0.00605744 0.73521 0.23122
-0.541714 0.287267 6.72349e-06 1.11501e-05 7.86521e-06 0.0235685 0.00646999 0.737855 0.232081
-0.5416 0.287343 2.62678e-07 4.37524e-06 2.08346e-05 0.0197907 0.00696626 0.740179 0.233039
-0.541486 0.287418 4.93424e-06 3.73836e-06 5.07182e-06 0.0162221 0.00753704 0.742145 0.234082
-0.541371 0.287494 2.10408e-06 3.10655e-06 2.56983e-06 0.0129124 0.00817761 0.743708 0.235194
-0.541257 0.28757 3.12867e-06 1.6067e-05 1.84784e-06 0.00990452 0.00887744 0.744843 0.236354
-0.541143 0.287645 3.57341e-06 7.89227e-06 1.19637e-05 0.00723793 0.00962385 0.74556 0.237554
-0.541029 0.287721 6.46447e-06 2.28692e-06 1.29717e-05 0.00494999 0.010412 0.745849 0.238767
-0.540914 0.287797 2.23889e-06 1.41876e-06 2.45554e-06 0.00306927 0.0112287 0.745718 0.239978
-0.5408 0.287872 4.35687e-06 3.25641e-06 6.71745e-06 0.00162146 0.0120645 0.745121 0.241179
-0.540686 0.287948 1.22039e-06 1.56504e-05 1.41635e-05 0.000625043 0.0129051 0.744111 0.242328
-0.540571 0.288024 8.06533e-07 8.15378e-06 4.98093e-06 9.33738e-05 0.0137401 0.742709 0.243444
-0.540457 0.2881 9.16214e-06 1.29434e-06 5.87921e-06 3.28264e-05 0.0145614 0.740917 0.244472
-0.540343 0.288176 2.14764e-07 6.13855e-06 5.50268e-07 0.000443912 0.0153569 0.738763 0.245429
-0.540229 0.288251 7.2458e-06 1.09622e-05 1.14955e-05 0.00132057 0.0161114 0.736255 0.246283
-0.540114 0.288327 5.24913e-08 2.63853e-06 1.88517e-05 0.00265069 0.0168199 0.733486 0.247022
-0.54 0.288403 5.5062e-06 9.54069e-07 9.51052e-07 0.00441616 0.0174712 0.730457 0.247648
-0.539886 0.288479 2.01512e-06 8.56947e-06 5.31599e-06 0.00659324 0.0180591 0.7272 0.248132
-0.539771 0.288555 6.80089e-07 1.70779e-05 4.06782e-06 0.00915159 0.0185714 0.723771 0.248484
-0.539657 0.288631 7.98892e-06 3.25702e-06 1.43149e-05 0.0120579 0.0190009 0.720231 0.248685
-0.539543 0.288707 2.41762e-06 4.13616e-08 5.30818e-06 0.0152725 0.0193502 0.71663 0.248739
-0.539429 0.288783 5.69204e-06 6.58194e-06 8.66036e-07 0.0187525 0.0196055 0.712988 0.248641
-0.539314 0.288859 7.8458e-07 6.22403e-06 1.8697e-05 0.0224506 0.0197684 0.709364 0.248391
-0.5392 0.288935 3.12994e-06 1.08901e-05 8.18207e-06 0.0263187 0.0198325 0.705837 0.24799
-0.539086 0.289011 3.08442e-06 1.70534e-06 3.27176e-06 0.0303048 0.019803 0.702437 0.247447
-0.538971 0.289087 4.12643e-06 1.06118e-05 5.11242e-07 0.0343538 0.0196787 0.699193 0.246759
-0.538857 0.289163 4.4292e-06 9.17848e-06 1.09083e-05 0.0384153 0.0194542 0.696162 0.245944
-0.538743 0.289239 3.78228e-06 2.87841e-06 1.46141e-05 0.0424326 0.0191427 0.693399 0.245004
-0.538629 0.289315 4.57677e-06 1.06326e-06 2.24413e-06 0.046354 0.0187421 0.690945 0.243951
-0.538514 0.289391 2.01748e-06 3.81315e-06 9.11436e-06 0.0501258 0.0182618 0.688791 0.242806
-0.5384 0.289468 1.76911e-06 1.87265e-05 9.18187e-06 0.0537002 0.0177022 0.687002 0.241566
-0.538286 0.289544 2.93365e-06 2.89993e-06 7.4367e-06 0.0570298 0.0170752 0.685614 0.240267
-0.538171 0.28962 6.9298e-06 2.90519e-06 2.17213e-06 0.0600671 0.0163924 0.684624 0.238905
-0.538057 0.289696 2.65894e-06 9.65744e-06 4.5106e-06 0.0627774 0.0156535 0.684042 0.23751
-0.537943 0.289772 3.61803e-06 6.40063e-06 1.79213e-05 0.0651217 0.014876 0.683879 0.236095
-0.537829 0.289849 4.06959e-06 1.33415e-06 7.93835e-06 0.0670705 0.0140662 0.684179 0.234671
-0.537714 0.289925 2.18454e-06 1.88275e-06 3.39391e-06 0.0685973 0.0132389 0.684886 0.233271
-0.5376 0.290001 2.11126e-06 2.00778e-05 5.77869e-06 0.0696837 0.0123996 0.686 0.231889
-0.537486 0.290078 3.2261e-06 4.91142e-06 1.09381e-05 0.0703161 0.0115607 0.687538 0.230567
-0.537371 0.290154 7.10174e-06 2.11204e-07 5.3232e-06 0.0704829 0.0107386 0.689467 0.229299
-0.537257 0.29023 2.89176e-06 8.05444e-06 1.31916e-06 0.0701865 0.00993621 0.691751 0.228114
-0.537143 0.290307 2.63064e-06 6.58416e-06 1.82711e-05 0.0694297 0.00916879 0.694351 0.227023
-0.537029 0.290383 4.05426e-06 4.52845e-06 9.6022e-06 0.0682219 0.00844372 0.697285 0.226031
-0.536914 0.29046 1.92537e-06 2.07299e-06 2.11449e-06 0.0665802 0.0077742 0.700475 0.225165
-0.5368 0.290536 2.57348e-06 1.82096e-05 2.97694e-06 0.064527 0.00716501 0.703869 0.224416
-0.536686 0.290612 4.87967e-06 5.29083e-06 1.31947e-05 0.062089 0.00662346 0.707456 0.223809
-0.536571 0.290689 4.77878e-06 1.21709e-08 6.66678e-06 0.0592986 0.00616195 0.711189 0.223339
-0.536457 0.290765 4.70836e-06 7.09897e-06 7.76062e-07 0.0561919 0.00578057 0.715 0.223015
-0.536343 0.290842 1.00156e-06 5.99127e-06 1.95892e-05 0.0528129 0.00548708 0.718833 0.222841
-0.536229 0.290919 4.04066e-06 7.02482e-06 6.70401e-06 0.0492023 0.00528328 0.722684 0.222813
-0.536114 0.290995 2.75055e-06 3.66677e-06 2.84435e-06 0.0454103 0.00517478 0.726471 0.222934
-0.536 0.291072 1.59046e-06 1.54291e-05 2.3136e-06 0.0414866 0.00516036 0.730134 0.2232
-0.535886 0.291148 7.94167e-06 4.98054e-06 1.48653e-05 0.0374806 0.00523835 0.73365 0.223603
-0.535771 0.291225 1.19812e-06 4.54428e-08 5.61037e-06 0.0334483 0.00541276 0.736992 0.22414
-0.535657 0.291302 6.68894e-06 6.64529e-06 2.41068e-06 0.0294387 0.00567669 0.740067 0.224802
-0.535543 0.291378 5.74601e-08 7.48766e-06 2.05811e-05 0.0255075 0.00602808 0.742865 0.225571
-0.535429 0.291455 3.06152e-06 5.74063e-06 2.41612e-06 0.021704 0.00646111 0.745371 0.226453
-0.535314 0.291532 4.95376e-06 7.62434e-06 3.05041e-06 0.0180786 0.00697297 0.747524 0.227409
-0.5352 0.291608 1.23289e-07 1.19236e-05 5.28547e-06 0.0146787 0.00755389 0.749296 0.228454
-0.535086 0.291685 9.59668e-06 3.6557e-06 1.45807e-05 0.0115477 0.00819534 0.750681 0.229548
-0.534971 0.291762 3.77997e-07 1.40474e-06 2.24915e-06 0.00872722 0.0088931 0.751686 0.230689
-0.534857 0.291839 5.17986e-06 5.89415e-06 9.14906e-06 0.00625335 0.00963504 0.752228 0.231863
-0.534743 0.291915 1.81595e-06 1.05105e-05 1.6003e-05 0.0041577 0.01041 0.752369 0.233035
-0.534629 0.291992 1.95222e-06 1.81911e-06 1.46552e-06 0.00246797 0.0112105 0.752099 0.234218
-0.534514 0.292069 4.65528e-06 1.33951e-05 1.41005e-06 0.00120552 0.0120276 0.751387 0.235361
-0.5344 0.292146 3.6372e-06 7.82267e-06 1.2128e-05 0.000386176 0.0128438 0.750269 0.236477
-0.534286 0.292223 4.65211e-06 6.18519e-07 9.63136e-06 2.0702e-05 0.013656 0.748776 0.237533
-0.534171 0.2923 5.10476e-06 5.4978e-06 2.35825e-07 0.000113215 0.0144496 0.746908 0.238519
-0.534057 0.292377 5.36535e-07 6.33713e-06 1.95143e-05 0.000662139 0.015216 0.744673 0.239422
-0.533943 0.292454 3.67771e-06 7.31959e-06 4.71471e-06 0.00166016 0.0159415 0.742153 0.240229
-0.533829 0.292531 3.83107e-06 5.87169e-06 3.23049e-06 0.00309379 0.0166235 0.739348 0.240922
-0.533714 0.292608 2.76839e-07 1.36512e-05 4.2711e-06 0.004944 0.017248 0.736285 0.241505
-0.5336 0.292685 9.89784e-06 2.96218e-06 1.44081e-05 0.00718667 0.0178053 0.73303 0.24195
-0.533486 0.292762 9.09554e-08 1.84642e-06 1.39061e-06 0.00979269 0.0182956 0.729643 0.242266
-0.533371 0.292839 5.43571e-06 7.38614e-06 1.05696e-05 0.0127267 0.0187066 0.726099 0.242444
-0.533257 0.292916 2.20337e-06 7.37956e-06 1.55362e-05 0.0159524 0.0190321 0.722524 0.242467
-0.533143 0.292993 2.09602e-06 1.14751e-06 1.03095e-06 0.0194262 0.0192737 0.718935 0.242361
-0.533029 0.29307 3.03359e-06 1.74713e-05 2.71844e-06 0.0231036 0.0194254 0.715354 0.242094
-0.532914 0.293147 5.29121e-06 4.74726e-06 1.34189e-05 0.0269373 0.0194798 0.711866 0.241694
-0.5328 0.293224 3.26001e-06 2.0226e-07 4.02442e-06 0.0308762 0.0194482 0.708517 0.241151
-0.532686 0.293302 6.27367e-06 9.60888e-06 4.28912e-06 0.0348715 0.0193201 0.705312 0.240476
-0.532571 0.293379 2.10416e-08 4.52434e-06 2.08438e-05 0.0388699 0.0191017 0.702332 0.239671
-0.532457 0.293456 4.69785e-06 9.66804e-07 2.80649e-07 0.0428194 0.0187965 0.699619 0.238759
-0.532343 0.293533 2.57059e-06 1.499e-05 6.09277e-06 0.0466713 0.0184086 0.697171 0.237725
-0.532229 0.29361 7.85768e-07 9.27356e-06 8.60814e-06 0.0503753 0.0179377 0.695053 0.236615
-0.532114 0.293688 8.61676e-06 2.40833e-07 6.11714e-06 0.0538804 0.0173993 0.693296 0.235409
-0.532 0.293765 2.74319e-06 8.95005e-06 2.84818e-06 0.0571475 0.0167916 0.691904 0.234143
-0.531886 0.293842 1.8737e-06 5.15242e-06 1.90146e-05 0.0601307 0.016127 0.690892 0.232824
-0.531771 0.29392 6.09164e-06 7.08421e-07 2.26981e-06 0.0627919 0.0154127 0.69032 0.231467
-0.531657 0.293997 8.56702e-07 9.496e-06 9.77283e-06 0.0650991 0.0146597 0.690134 0.230087
-0.531543 0.294074 4.24898e-07 1.39433e-05 5.43839e-06 0.0670223 0.0138726 0.690375 0.228711
-0.531429 0.294152 9.17018e-06 1.13462e-06 6.0667e-06 0.0685355 0.0130686 0.691045 0.227334
-0.531314 0.294229 5.24494e-07 8.42408e-06 3.26021e-06 0.0696225 0.012252 0.692117 0.225997
-0.5312 0.294307 5.63248e-06 6.1395e-06 1.63949e-05 0.070266 0.0114358 0.693572 0.224699
-0.531086 0.294384 4.38627e-06 8.45598e-07 2.67314e-06 0.070462 0.0106301 0.695444 0.223456
-0.530971 0.294462 1.03383e-06 5.93642e-06 1.33116e-05 0.070206 0.00984599 0.697635 0.222293
-0.530857 0.294539 2.02931e-06 1.34052e-05 5.79384e-06 0.0695013 0.00908975 0.700173 0.221215
-0.530743 0.294617 6.11933e-06 3.48553e-06 3.99997e-06 0.0683584 0.00837666 0.703022 0.22023
-0.530629 0.294694 1.86344e-07 1.07116e-05 4.37119e-06 0.066794 0.00771066 0.706115 0.219365
-0.530514 0.294772 8.74504e-06 3.85865e-06 1.45627e-05 0.0648227 0.00710229 0.709437 0.218611
-0.5304 0.294849 2.15874e-06 2.86553e-06 6.44296e-07 0.0624762 0.00655949 0.712972 0.217986
-0.530286 0.294927 2.09549e-06 5.97335e-06 1.66706e-05 0.0597825 0.00608864 0.716604 0.2175
-0.530171 0.295004 4.05411e-06 7.07575e-06 6.55232e-06 0.0567744 0.0056938 0.720367 0.217147
-0.530057 0.295082 2.85647e-06 6.5056e-06 3.66613e-06 0.0534931 0.00538394 0.724174 0.216936
-0.529943 0.29516 3.87222e-08 1.42418e-05 5.64641e-06 0.0499804 0.00515837 0.727967 0.216874
-0.529829 0.295237 1.01271e-05 3.3561e-07 1.08199e-05 0.0462791 0.00502236 0.731733 0.216944
-0.529714 0.295315 1.10047e-06 6.45673e-06 5.36816e-07 0.0424391 0.00497749 0.735415 0.21716
-0.5296 0.295393 2.94804e-06 6.54793e-06 1.86081e-05 0.0385082 0.00502299 0.738929 0.217512
-0.529486 0.295471 5.51361e-06 1.11496e-06 3.74038e-06 0.0345359 0.00515808 0.742308 0.217988
-0.529371 0.295548 9.57533e-07 9.16321e-06 9.45257e-06 0.0305744 0.0053835 0.745436 0.218587
-0.529257 0.295626 4.24756e-07 1.30963e-05 5.45795e-06 0.0266726 0.00569174 0.748312 0.219305
-0.529143 0.295704 8.85058e-06 2.19254e-06 4.54513e-06 0.0228805 0.00608301 0.750909 0.220112
-0.529029 0.295782 1.59436e-06 9.3927e-06 6.16774e-06 0.0192465 0.00654993 0.753166 0.221021
-0.528914 0.29586 3.78489e-06 3.08278e-06 1.48159e-05 0.0158166 0.00708657 0.755073 0.222002
-0.5288 0.295937 6.24035e-06 2.78546e-06 1.63325e-07 0.0126331 0.00768664 0.756625 0.223046
-0.528686 0.296015 1.08845e-07 8.9108e-06 1.89859e-05 0.00973782 0.00834291 0.757755 0.224136
-0.528571 0.296093 2.30045e-06 4.7505e-06 1.73073e-06 0.00716608 0.00904414 0.758511 0.22527
-0.528457 0.296171 4.9056e-06 1.28458e-05 2.12359e-06 0.00495068 0.00978674 0.758838 0.226405
-0.528343 0.296249 3.43965e-06 6.90849e-06 1.25052e-05 0.00311897 0.0105541 0.758748 0.227556
-0.528229 0.296327 3.60778e-06 7.59454e-08 4.60732e-06 0.00169466 0.0113438 0.758267 0.228686
-0.528114 0.296405 6.62457e-06 1.01669e-05 6.0573e-06 0.000694541 0.0121404 0.757353 0.229789
-0.528 0.296483 5.02541e-07 3.13372e-06 1.7993e-05 0.000131498 0.0129356 0.756069 0.230842
-0.527886 0.296561 3.66119e-06 3.41034e-07 1.33815e-06 1.21592e-05 0.0137209 0.754413 0.231848
-0.527771 0.296639 1.77561e-06 2.01187e-05 7.49085e-06 0.000337698 0.0144844 0.752384 0.232765
-0.527657 0.296717 5.42757e-06 9.54556e-07 8.30644e-06 0.00110375 0.0152146 0.75006 0.233606
-0.527543 0.296795 1.23842e-06 7.23434e-06 5.21848e-07 0.00230009 0.0159102 0.747433 0.234348
-0.527429 0.296873 8.36194e-06 7.86234e-06 1.53717e-05 0.00391169 0.016551 0.744527 0.234978
-0.527314 0.296952 1.88448e-06 9.50691e-07 3.17782e-06 0.00591779 0.0171382 0.741448 0.23549
-0.5272 0.29703 2.00644e-06 5.4484e-06 1.49303e-05 0.00829235 0.0176623 0.73814 0.235883
-0.527086 0.297108 3.50285e-06 8.61215e-06 5.60201e-06 0.0110062 0.0181113 0.734726 0.236138
-0.526971 0.297186 3.88013e-06 8.45004e-06 3.54248e-06 0.0140241 0.018489 0.731216 0.236255
-0.526857 0.297264 4.3054e-07 1.09389e-05 8.24191e-06 0.0173085 0.0187816 0.727645 0.236245
-0.526743 0.297343 7.92966e-06 3.15693e-08 6.77016e-06 0.0208168 0.0189924 0.724093 0.236083
-0.526629 0.297421 4.74206e-06 1.01786e-05 4.45117e-06 0.0245072 0.0191141 0.720571 0.235789
-0.526514 0.297499 7.25485e-08 2.46111e-06 1.8282e-05 0.0283303 0.0191473 0.717146 0.235355
-0.5264 0.297577 5.5826e-06 3.76199e-07 9.50498e-07 0.0322392 0.019093 0.713863 0.234797
-0.526286 0.297656 1.5781e-06 1.77948e-05 1.15694e-05 0.0361864 0.0189483 0.710736 0.234098
-0.526171 0.297734 3.32532e-06 1.50723e-06 5.08909e-06 0.0401204 0.018717 0.707857 0.233296
-0.526057 0.297812 1.65751e-06 1.09377e-05 1.23381e-06 0.0439921 0.0184054 0.705212 0.232377
-0.525943 0.297891 9.4047e-06 4.81289e-06 1.51546e-05 0.0477537 0.0180091 0.702851 0.231357
-0.525829 0.297969 1.20241e-06 3.00819e-06 4.60451e-07 0.0513599 0.017542 0.700844 0.23025
-0.525714 0.298048 2.0302e-06 6.31017e-06 1.8367e-05 0.0547615 0.017005 0.699136 0.229071
-0.5256 0.298126 5.30351e-06 2.56875e-06 2.87255e-06 0.0579192 0.0164044 0.697838 0.227827
-0.525486 0.298205 1.87662e-06 1.35225e-05 7.48721e-06 0.0607943 0.0157521 0.696901 0.22653
-0.525371 0.298283 1.16284e-06 7.25254e-06 7.83829e-06 0.0633497 0.015049 0.696371 0.225214
-0.525257 0.298362 5.82432e-06 3.95777e-06 1.11068e-06 0.0655525 0.0143139 0.696256 0.223866
-0.525143 0.29844 7.07517e-06 1.00824e-05 1.26417e-05 0.0673783 0.0135441 0.696525 0.222523
-0.525029 0.298519 1.01834e-07 1.98025e-08 7.36968e-06 0.0688048 0.0127589 0.69724 0.221189
-0.524914 0.298597 4.1995e-06 4.92509e-06 1.02425e-05 0.0698102 0.0119644 0.698315 0.219891
-0.5248 0.298676 3.50032e-06 9.14866e-06 8.92775e-06 0.0703865 0.0111672 0.6998 0.218625
-0.524686 0.298754 2.89236e-06 6.88419e-06 3.78319e-06 0.0705261 0.0103843 0.701655 0.217421
-0.524571 0.298833 1.32356e-07 1.20922e-05 7.36403e-06 0.0702276 0.00961728 0.703841 0.216294
-0.524457 0.298912 8.25912e-06 4.02362e-07 5.29878e-06 0.0694922 0.00888333 0.706371 0.21524
-0.524343 0.29899 5.12766e-06 1.08539e-05 7.28101e-06 0.0683335 0.00818433 0.709172 0.214287
-0.524229 0.299069 2.12448e-08 8.31199e-07 1.39716e-05 0.0667656 0.00753368 0.71225 0.213436
-0.524114 0.299148 5.06056e-06 2.43173e-06 4.81534e-06 0.0648044 0.00693882 0.715537 0.212708
-0.524 0.299226 2.41979e-06 1.4038e-05 1.09151e-05 0.0624785 0.00640317 0.719003 0.212088
-0.523886 0.299305 3.68074e-06 3.73502e-06 3.17802e-06 0.059816 0.00593868 0.722629 0.211605
-0.523771 0.299384 5.03378e-08 1.27148e-05 6.24642e-06 0.0568508 0.00554647 0.726326 0.211258
-0.523657 0.299463 8.62225e-06 7.77965e-08 8.27652e-06 0.0536169 0.00523422 0.730095 0.211037
-0.523543 0.299542 4.74148e-06 1.01232e-05 4.48105e-06 0.0501576 0.00500346 0.733861 0.210959
-0.523429 0.29962 1.70741e-08 1.81466e-06 1.68803e-05 0.0465163 0.00485802 0.737594 0.211013
-0.523314 0.299699 4.74163e-06 1.24627e-06 3.25538e-06 0.042735 0.0048005 0.741245 0.21121
-0.5232 0.299778 2.07381e-06 1.64647e-05 9.84095e-06 0.0388628 0.00482843 0.744756 0.211524
-0.523086 0.299857 4.74174e-06 3.06674e-06 3.69625e-06 0.0349473 0.00494451 0.748126 0.21197
-0.522971 0.299936 1.71607e-07 1.14814e-05 6.56711e-06 0.0310375 0.00514561 0.751261 0.212538
-0.522857 0.300015 7.46281e-06 2.34698e-07 8.58524e-06 0.02718 0.00542909 0.754168 0.213207
-0.522743 0.300094 5.67126e-06 1.00638e-05 4.52451e-06 0.0234229 0.00579163 0.756785 0.21398
-0.522629 0.300173 2.82662e-07 1.97257e-06 1.6692e-05 0.019814 0.00622815 0.759101 0.214838
-0.522514 0.300252 3.43712e-06 1.56095e-06 4.48492e-06 0.0163958 0.00673498 0.761077 0.215783
-0.5224 0.300331 1.88269e-06 1.65005e-05 7.42445e-06 0.0132107 0.00730237 0.762682 0.21678
-0.522286 0.30041 6.16746e-06 4.34266e-06 3.54883e-06 0.0102981 0.00792646 0.763933 0.217829
-0.522171 0.300489 1.15017e-06 9.64284e-06 9.18152e-06 0.00769357 0.00859785 0.764766 0.218922
-0.522057 0.300568 4.53174e-06 5.00187e-09 6.16521e-06 0.00542896 0.00930903 0.765223 0.220029
-0.521943 0.300647 6.86516e-06 1.03986e-05 7.76304e-06 0.00353113 0.0100502 0.765249 0.221145
-0.521829 0.300726 1.92608e-06 1.58776e-06 1.23943e-05 0.00202392 0.0108119 0.764901 0.222247
-0.521714 0.300805 1.50359e-06 4.39899e-06 8.72039e-06 0.000925375 0.0115886 0.764136 0.223335
-0.5216 0.300885 1.41934e-06 1.23868e-05 4.66437e-06 0.000248377 0.0123638 0.762988 0.224382
-0.521486 0.300964 6.4521e-06 8.46741e-06 1.95123e-06 1.12946e-06 0.0131355 0.761479 0.225368
-0.521371 0.301043 4.79466e-06 6.72482e-06 1.34516e-05 0.000186328 0.0138868 0.759602 0.2263
-0.521257 0.301122 7.7971e-07 1.01065e-06 1.80567e-06 0.000801204 0.0146167 0.757429 0.227149
-0.521143 0.301202 5.70957e-06 9.10078e-06 1.46042e-05 0.00183808 0.0153091 0.754912 0.227912
-0.521029 0.301281 5.25939e-06 7.68663e-07 4.03818e-06 0.00328414 0.0159576 0.75218 0.228568
-0.520914 0.30136 4.36687e-07 1.10554e-05 1.41635e-05 0.00512085 0.0165586 0.749177 0.229118
-0.5208 0.301439 1.49331e-06 4.31519e-06 3.13579e-06 0.0073259 0.0170968 0.746008 0.22956
-0.520686 0.301519 3.14924e-06 1.38001e-05 1.15115e-06 0.00987168 0.0175754 0.74267 0.229865
-0.520571 0.301598 9.63113e-06 2.40461e-06 1.42319e-05 0.0127276 0.0179769 0.739222 0.230047
-0.520457 0.301677 1.01734e-06 6.11802e-06 4.77186e-07 0.015858 0.0183084 0.735728 0.230098
-0.520343 0.301757 1.29158e-06 4.20699e-06 1.89777e-05 0.019224 0.0185577 0.732178 0.230016
-0.520229 0.301836 6.34211e-06 8.14442e-07 8.16719e-07 0.0227853 0.0187256 0.728678 0.229803
-0.520114 0.301916 1.82544e-06 1.55556e-05 1.27346e-05 0.0264984 0.0188073 0.725218 0.229447
-0.52 0.301995 3.56319e-06 2.9763e-06 3.18711e-06 0.030317 0.0188055 0.721895 0.228973
-0.519886 0.302075 8.6854e-08 1.22778e-05 6.92381e-06 0.0341959 0.0187169 0.718693 0.228375
-0.519771 0.302154 7.20858e-06 1.36433e-07 5.48108e-06 0.0380858 0.018546 0.715704 0.227651
-0.519657 0.302234 6.69432e-06 1.12598e-05 9.38853e-06 0.0419417 0.0182902 0.712918 0.226822
-0.519543 0.302313 1.17525e-06 1.85183e-07 8.81112e-06 0.0457161 0.0179565 0.71043 0.225887
-0.519429 0.302393 1.56572e-06 5.3176e-06 1.38082e-05 0.0493622 0.0175502 0.708198 0.224869
-0.519314 0.302472 3.04789e-06 6.34994e-06 2.53147e-06 0.0528365 0.0170697 0.706314 0.223768
-0.5192 0.302552 3.65575e-06 1.62294e-05 3.30481e-06 0.0560969 0.0165297 0.704762 0.222589
-0.519086 0.302632 6.55478e-06 1.88454e-06 1.22901e-05 0.059105 0.0159267 0.703581 0.221366
-0.518971 0.302711 1.61797e-07 6.27668e-06 8.69552e-07 0.0618242 0.0152788 0.70279 0.2201
-0.518857 0.302791 4.63125e-06 4.51244e-06 1.58559e-05 0.0642188 0.0145852 0.702367 0.218805
-0.518743 0.302871 6.81928e-06 4.10509e-06 1.04942e-06 0.0662639 0.0138589 0.702368 0.217497
-0.518629 0.30295 1.52734e-06 8.43424e-06 1.69747e-05 0.0679352 0.013105 0.702748 0.216185
-0.518514 0.30303 1.76693e-06 3.56098e-06 3.5027e-06 0.0692093 0.0123385 0.703543 0.2149
-0.5184 0.30311 1.52815e-07 1.37959e-05 5.97023e-06 0.0700739 0.0115609 0.704702 0.213643
-0.518286 0.30319 7.35485e-06 3.90086e-06 1.95431e-06 0.0705172 0.0107899 0.706258 0.212422
-0.518171 0.303269 7.50355e-06 8.53226e-06 1.41756e-05 0.0705361 0.0100253 0.708142 0.211266
-0.518057 0.303349 5.50895e-07 1.65035e-06 1.60244e-06 0.0701296 0.00928498 0.710404 0.210177
-0.517943 0.303429 1.45854e-06 5.98654e-06 1.96811e-05 0.0693025 0.00857277 0.712924 0.209174
-0.517829 0.303509 5.45384e-06 2.60268e-07 7.02441e-08 0.0680653 0.00789862 0.715767 0.208264
-0.517714 0.303589 1.71376e-06 1.93244e-05 9.24649e-06 0.0664342 0.0072696 0.718821 0.207445
-0.5176 0.303669 5.71428e-06 1.72934e-06 4.96871e-06 0.0644274 0.00669464 0.722118 0.206747
-0.517486 0.303749 6.65609e-07 1.01427e-05 7.99704e-06 0.0620724 0.00617872 0.725561 0.206169
-0.517371 0.303829 4.05493e-06 1.00676e-08 5.28943e-06 0.0593948 0.0057307 0.729158 0.205707
-0.517257 0.303909 6.93385e-06 1.04957e-05 1.14146e-05 0.0564266 0.00535222 0.732816 0.205376
-0.517143 0.303988 4.23914e-06 5.78781e-07 5.13006e-06 0.0532065 0.00504959 0.736563 0.205171
-0.517029 0.304068 2.31583e-07 9.89804e-06 1.64057e-05 0.049773 0.00482735 0.740274 0.205099
-0.516914 0.304149 1.90335e-06 2.35377e-06 1.62084e-06 0.0461651 0.00468543 0.743979 0.205165
-0.5168 0.304229 1.32878e-06 1.72424e-05 3.21377e-06 0.0424284 0.00462818 0.747573 0.205348
-0.516686 0.304309 1.001e-05 5.98105e-09 8.72851e-06 0.038606 0.00465324 0.751064 0.205658
-0.516571 0.304389 4.28078e-06 1.04286e-05 7.75054e-06 0.034746 0.00476215 0.754378 0.206091
-0.516457 0.304469 3.09041e-08 1.3676e-08 8.5177e-06 0.0308935 0.00495314 0.757511 0.206634
-0.516343 0.304549 2.86116e-06 5.71101e-06 1.46575e-05 0.0270944 0.00522423 0.760371 0.207287
-0.516229 0.304629 4.74747e-06 2.99606e-06 1.76744e-06 0.0233941 0.00556927 0.762995 0.208032
-0.516114 0.304709 2.12479e-06 1.90733e-05 7.11266e-06 0.0198375 0.00598865 0.765289 0.208856
-0.516 0.304789 6.18776e-06 6.62762e-07 7.50416e-06 0.0164659 0.00647196 0.767283 0.209765
-0.515886 0.30487 4.78002e-07 9.7638e-06 6.08143e-06 0.013321 0.00701882 0.768908 0.210735
-0.515771 0.30495 3.5428e-06 1.50588e-07 7.48498e-06 0.0104392 0.00761824 0.770181 0.21175
-0.515657 0.30503 6.60288e-06 9.67043e-06 1.06828e-05 0.00785403 0.00826493 0.771049 0.212805
-0.515543 0.30511 4.90506e-06 9.50404e-07 5.03131e-06 0.00559703 0.00894949 0.771566 0.213877
-0.515429 0.305191 4.47335e-07 1.21897e-05 1.51177e-05 0.00369505 0.00966767 0.771651 0.214958
-0.515314 0.305271 2.07374e-06 1.82407e-06 2.52984e-06 0.00216982 0.010405 0.771376 0.216043
-0.5152 0.305351 3.96686e-07 1.51961e-05 4.35237e-06 0.00103954 0.0111589 0.770682 0.217099
-0.515086 0.305432 8.64175e-06 1.95152e-07 6.07332e-06 0.000317189 0.0119148 0.769634 0.21812
-0.514971 0.305512 6.8273e-06 1.09631e-05 1.11763e-05 1.10629e-05 0.0126662 0.768196 0.219098
-0.514857 0.305593 1.58547e-06 5.92061e-07 3.90074e-06 0.000124568 0.0134049 0.766451 0.220013
-0.514743 0.305673 4.09728e-07 6.48363e-06 2.00009e-05 0.000655881 0.0141223 0.764335 0.22086
-0.514629 0.305753 3.49615e-06 5.14131e-07 1.9352e-07 0.00159844 0.0148067 0.761962 0.221628
-0.514514 0.305834 1.23784e-06 1.94362e-05 5.82209e-06 0.00294071 0.0154536 0.759287 0.222292
-0.5144 0.305914 8.09731e-06 3.56366e-06 3.63573e-06 0.00466635 0.0160536 0.756408 0.222856
-0.514286 0.305995 5.40657e-06 7.51843e-06 1.36537e-05 0.00675509 0.016598 0.753302 0.223318
-0.514171 0.306076 1.18825e-08 2.34503e-06 5.40652e-07 0.00918094 0.0170862 0.750072 0.223658
-0.514057 0.306156 2.14249e-06 5.54845e-06 1.9159e-05 0.0119152 0.0175059 0.746673 0.223879
-0.513943 0.306237 6.23781e-06 9.70023e-07 1.2534e-06 0.0149257 0.0178558 0.743234 0.223976
-0.513829 0.306317 2.58359e-06 1.35499e-05 1.00592e-05 0.0181766 0.0181288 0.739731 0.223938
-0.513714 0.306398 3.80474e-06 9.82861e-06 3.63878e-06 0.0216284 0.0183277 0.736251 0.223775
-0.5136 0.306478 3.6382e-06 4.2624e-06 1.1279e-05 0.0252413 0.0184409 0.732805 0.223493
-0.513486 0.306559 4.89928e-07 6.58684e-06 8.1154e-07 0.0289713 0.0184789 0.729462 0.22308
-0.513371 0.30664 5.0105e-06 2.83572e-06 1.37064e-05 0.0327744 0.0184301 0.726228 0.222546
-0.513257 0.306721 6.82704e-06 7.53724e-06 5.32653e-06 0.0366063 0.0183022 0.723173 0.221898
-0.513143 0.306801 4.0113e-06 3.03717e-06 8.91794e-06 0.0404221 0.0180917 0.720335 0.221135
-0.513029 0.306882 7.651e-07 1.24034e-05 1.1974e-05 0.0441757 0.0178081 0.717716 0.220275
-0.512914 0.306963 2.32968e-06 2.06082e-06 3.93293e-06 0.0478233 0.0174466 0.715392 0.21933
-0.5128 0.307044 2.18407e-07 1.34498e-05 4.69148e-06 0.0513222 0.0170182 0.713346 0.218296
-0.512686 0.307124 7.05393e-06 1.61247e-07 5.20485e-06 0.05463 0.0165252 0.711645 0.217187
-0.512571 0.307205 7.57945e-06 1.07081e-05 1.30462e-05 0.0577106 0.0159706 0.710263 0.216024
-0.512457 0.307286 4.04155e-06 1.55053e-06 1.29082e-06 0.0605262 0.0153659 0.70929 0.214811
-0.512343 0.307367 2.0318e-07 7.601e-06 2.02987e-05 0.0630442 0.0147152 0.708648 0.213565
-0.512229 0.307448 1.93211e-06 2.20892e-06 3.07052e-06 0.0652346 0.0140291 0.708423 0.212306
-0.512114 0.307529 4.51316e-07 1.2451e-05 5.42637e-06 0.0670733 0.0133095 0.708563 0.211036
-0.512 0.30761 4.75254e-06 9.48411e-06 4.33187e-07 0.0685369 0.0125738 0.709108 0.209766
-0.511886 0.307691 9.87513e-06 2.72492e-06 1.41882e-05 0.0696101 0.0118206 0.71002 0.208523
-0.511771 0.307772 4.1292e-06 9.36829e-06 3.41703e-06 0.0702822 0.0110661 0.71132 0.207314
-0.511657 0.307853 5.66735e-07 4.66701e-07 1.15414e-05 0.0705427 0.0103158 0.712979 0.20615
-0.511543 0.307934 1.05315e-06 6.11395e-06 1.59013e-05 0.0703896 0.00958069 0.714957 0.20505
-0.511429 0.308015 2.9709e-06 1.87997e-06 4.01023e-07 0.0698254 0.00886603 0.717282 0.204021
-0.511314 0.308096 1.13356e-06 1.9412e-05 4.92896e-06 0.0688579 0.00818213 0.719868 0.203066
-0.5112 0.308177 8.54793e-06 2.95313e-06 3.53765e-06 0.0674961 0.00753785 0.722747 0.202204
-0.511086 0.308258 7.38516e-06 7.31287e-06 1.47122e-05 0.0657593 0.00693614 0.725828 0.201447
-0.510971 0.308339 1.07973e-06 4.60448e-06 1.11669e-08 0.063668 0.00639016 0.729141 0.200795
-0.510857 0.30842 1.27774e-07 2.84364e-06 1.86869e-05 0.0612443 0.00590131 0.732575 0.200257
-0.510743 0.308501 3.29138e-06 3.00122e-06 8.02433e-06 0.0585177 0.0054785 0.736146 0.199844
-0.510629 0.308583 3.02965e-06 6.77842e-06 2.67233e-06 0.0555212 0.00512234 0.739797 0.199547
-0.510514 0.308664 2.54961e-06 1.90492e-05 3.91645e-06 0.05229 0.00484174 0.743473 0.19937
-0.5104 0.308745 9.16349e-06 3.94422e-07 7.48152e-06 0.0488598 0.00463579 0.747164 0.199323
-0.510286 0.308826 4.53668e-06 9.20277e-06 1.16933e-05 0.0452737 0.00450835 0.750788 0.199404
-0.510171 0.308908 1.07841e-07 1.72614e-06 1.19579e-06 0.0415728 0.00446218 0.754359 0.199603
-0.510057 0.308989 9.36441e-07 4.78485e-06 2.00775e-05 0.0377986 0.00449518 0.757758 0.199923
-0.509943 0.30907 4.63042e-06 1.36718e-06 3.83962e-06 0.0339956 0.00460865 0.761027 0.200359
-0.509829 0.309152 2.84093e-06 1.01925e-05 4.78397e-06 0.0302089 0.00479858 0.764079 0.200896
-0.509714 0.309233 3.34116e-06 1.71364e-05 3.44591e-06 0.0264824 0.00506707 0.766897 0.201529
-0.5096 0.309314 8.81098e-06 1.08171e-07 9.29883e-06 0.0228579 0.00540527 0.769458 0.202261
-0.509486 0.309396 3.34469e-06 9.50385e-06 9.82898e-06 0.0193793 0.00581401 0.77171 0.203074
-0.509371 0.309477 3.1447e-09 9.53166e-07 2.26806e-06 0.0160863 0.00628653 0.77367 0.203954
-0.509257 0.309559 1.33009e-06 5.35683e-06 2.00729e-05 0.013016 0.00681671 0.775245 0.204896
-0.509143 0.30964 4.92346e-06 1.04637e-06 3.02811e-06 0.0102041 0.00739906 0.776501 0.205887
-0.509029 0.309722 2.80031e-06 1.07761e-05 5.14076e-06 0.00768332 0.00802497 0.777367 0.206906
-0.508914 0.309803 3.36242e-06 1.7144e-05 3.41439e-06 0.0054827 0.00869175 0.777858 0.207944
-0.5088 0.309885 8.88207e-06 1.1123e-07 9.09495e-06 0.00362674 0.00938466 0.777974 0.208997
-0.508686 0.309966 3.73881e-06 9.45236e-06 1.0505e-05 0.00213727 0.0101022 0.777691 0.210045
-0.508571 0.310048 5.75525e-08 1.43157e-06 1.52424e-06 0.00103115 0.0108333 0.777061 0.211072
-0.508457 0.310129 8.63312e-07 4.68747e-06 2.00728e-05 0.000320529 0.0115687 0.776016 0.212069
-0.508343 0.310211 4.27225e-06 1.77767e-06 4.92542e-06 1.33608e-05 0.0123015 0.774649 0.213025
-0.508229 0.310293 2.96623e-06 8.28687e-06 3.5405e-06 0.000112929 0.0130198 0.772932 0.21392
-0.508114 0.310374 2.61481e-06 1.89347e-05 3.86982e-06 0.000617676 0.0137223 0.770891 0.214744
-0.508 0.310456 9.18968e-06 6.65961e-07 6.72458e-06 0.00152157 0.0143924 0.768575 0.215495
-0.507886 0.310538 5.82402e-06 8.53981e-06 1.33462e-05 0.00281395 0.0150278 0.765969 0.216161
-0.507771 0.310619 7.62764e-07 3.73484e-06 6.34384e-08 0.00447922 0.015622 0.763167 0.216727
-0.507657 0.310701 8.02009e-08 2.67316e-06 1.82291e-05 0.00649807 0.0161639 0.760127 0.21719
-0.507543 0.310783 2.53122e-06 4.03253e-06 1.0663e-05 0.008847 0.016652 0.756936 0.217548
-0.507429 0.310865 3.07224e-06 3.45836e-06 9.31343e-07 0.0114991 0.0170743 0.753632 0.217787
-0.507314 0.310947 1.21735e-06 1.95273e-05 4.83486e-06 0.0144231 0.0174337 0.750216 0.217902
-0.5072 0.311028 7.97949e-06 4.08849e-06 2.5428e-06 0.0175852 0.0177217 0.746782 0.217896
-0.507086 0.31111 8.95225e-06 5.20055e-06 1.53933e-05 0.0209498 0.0179323 0.743314 0.217774
-0.506971 0.311192 3.35212e-06 8.34895e-06 2.14597e-06 0.0244775 0.018071 0.73991 0.217528
-0.506857 0.311274 7.37316e-07 3.60086e-07 1.05915e-05 0.0281272 0.0181293 0.736572 0.217159
-0.506743 0.311356 3.54242e-07 7.16387e-06 1.87168e-05 0.0318572 0.0181115 0.733327 0.216678
-0.506629 0.311438 2.41639e-06 9.22791e-07 1.26529e-06 0.035625 0.0180138 0.730269 0.216088
-0.506514 0.31152 4.22132e-07 1.3142e-05 5.42381e-06 0.039388 0.0178376 0.72737 0.215386
-0.5064 0.311602 3.55209e-06 1.10377e-05 5.62573e-07 0.0431015 0.0175911 0.724712 0.21458
-0.506286 0.311684 9.39068e-06 5.70966e-07 1.04406e-05 0.0467243 0.0172675 0.722301 0.213687
-0.506171 0.311766 7.13058e-06 1.11722e-05 1.1096e-05 0.0502158 0.0168768 0.720164 0.212714
-0.506057 0.311848 4.40738e-06 1.8697e-06 7.8295e-07 0.0535349 0.0164232 0.718369 0.211665
-0.505943 0.31193 1.04635e-06 6.67787e-06 1.7992e-05 0.0566441 0.0159094 0.716866 0.210555
-0.505829 0.312012 9.93912e-07 8.27374e-06 8.82809e-06 0.0595078 0.0153459 0.715729 0.2094
-0.505714 0.312094 2.14902e-06 2.44093e-06 4.11595e-06 0.0620943 0.0147318 0.714956 0.208209
-0.5056 0.312176 5.48263e-08 1.2524e-05 6.67196e-06 0.0643739 0.0140803 0.714537 0.206989
-0.505486 0.312259 3.34024e-06 2.41291e-06 7.16251e-07 0.0663201 0.0133986 0.714521 0.205754
-0.505371 0.312341 6.21223e-06 4.90045e-06 1.53501e-05 0.067912 0.0126888 0.71485 0.204522
-0.505257 0.312423 6.77595e-06 7.82112e-06 6.57765e-06 0.0691318 0.011965 0.715576 0.203306
-0.505143 0.312505 5.74321e-06 1.13094e-06 3.13968e-06 0.0699657 0.0112313 0.716682 0.202111
-0.505029 0.312587 1.53823e-06 1.60494e-05 1.30777e-05 0.0704052 0.0104985 0.718112 0.200954
-0.504914 0.31267 3.86059e-06 8.47279e-06 3.47807e-06 0.0704442 0.00977585 0.719913 0.199851
-0.5048 0.312752 5.29341e-06 2.02323e-06 1.10173e-05 0.070083 0.00906601 0.722019 0.198814
-0.504686 0.312834 9.95005e-07 9.31778e-06 6.65982e-06 0.0693275 0.00838322 0.724427 0.197845
-0.504571 0.312917 3.09628e-07 6.08864e-07 2.54839e-06 0.0681849 0.00773286 0.727122 0.196957
-0.504457 0.312999 1.72285e-06 5.02357e-06 1.91886e-05 0.0666683 0.00712022 0.730024 0.196161
-0.504343 0.313081 4.5433e-06 2.99463e-06 6.91545e-06 0.0647954 0.00655533 0.733168 0.195467
-0.504229 0.313164 3.94425e-06 4.02316e-06 1.51857e-06 0.0625888 0.00604066 0.736487 0.194874
-0.504114 0.313246 1.43261e-06 2.00344e-05 5.74654e-06 0.0600741 0.00558548 0.739925 0.194388
-0.504 0.313329 7.08797e-06 6.7106e-06 1.75255e-06 0.0572772 0.00519427 0.743494 0.194019
-0.503886 0.313411 9.69242e-06 2.41016e-06 1.42195e-05 0.0542321 0.00486785 0.747102 0.193772
-0.503771 0.313494 4.86596e-06 1.0611e-05 6.9931e-06 0.0509742 0.00461423 0.750745 0.193644
-0.503657 0.313576 2.03154e-06 9.05964e-07 2.75049e-06 0.0475391 0.00443403 0.75439 0.193632
-0.503543 0.313659 2.07629e-07 5.74178e-06 2.01432e-05 0.0439658 0.0043291 0.75794 0.193739
-0.503429 0.313741 1.04273e-06 6.10598e-06 9.05996e-06 0.0402949 0.00430192 0.761421 0.193966
-0.503314 0.313824 1.83529e-06 2.57417e-06 2.79358e-06 0.0365679 0.00434932 0.76477 0.194306
-0.5032 0.313906 9.19201e-09 1.32461e-05 6.78839e-06 0.0328269 0.00447431 0.76793 0.194749
-0.503086 0.313989 2.90993e-06 4.79554e-06 8.44309e-08 0.0291142 0.00467457 0.770913 0.19529
-0.502971 0.314072 6.08673e-06 2.19434e-06 1.24109e-05 0.0254711 0.00494476 0.773636 0.195927
-0.502857 0.314154 6.42447e-06 9.58058e-06 1.21292e-05 0.0219389 0.00528539 0.776096 0.196652
-0.502743 0.314237 6.80455e-06 7.97696e-07 2.30405e-07 0.0185571 0.00569033 0.778295 0.19745
-0.502629 0.31432 3.13345e-06 1.05931e-05 9.86817e-06 0.0153643 0.00615549 0.780146 0.198311
-0.502514 0.314402 2.35749e-06 1.73967e-05 6.52772e-06 0.0123959 0.00667764 0.781673 0.199227
-0.5024 0.314485 7.1946e-06 1.75455e-06 5.26324e-06 0.0096842 0.00724627 0.782864 0.200191
-0.502286 0.314568 5.85586e-06 5.67668e-06 1.43955e-05 0.00726032 0.00785802 0.783668 0.201188
-0.502171 0.314651 1.31264e-06 7.79405e-06 2.36702e-06 0.00515141 0.00850761 0.784129 0.2022
-0.502057 0.314733 9.98074e-08 6.5449e-09 7.1952e-06 0.00338037 0.00918339 0.784211 0.203218
-0.501943 0.314816 2.96561e-07 5.72935e-06 2.10089e-05 0.00196681 0.00988111 0.783892 0.204233
-0.501829 0.314899 2.21022e-06 2.71422e-06 6.25004e-06 0.000926376 0.0105916 0.783239 0.205232
-0.501714 0.314982 1.75298e-06 4.3957e-06 2.11329e-06 0.000270393 0.0113045 0.782218 0.206198
-0.5016 0.315065 2.03891e-07 1.59194e-05 5.26644e-06 5.94966e-06 0.0120176 0.780836 0.207119
-0.501486 0.315148 4.3612e-06 5.35712e-06 2.55558e-07 0.000135639 0.0127193 0.77915 0.207985
-0.501371 0.315231 7.57568e-06 1.92817e-06 1.20623e-05 0.000657731 0.0133989 0.777132 0.20879
-0.501257 0.315314 6.87965e-06 1.03422e-05 1.24144e-05 0.00156611 0.0140544 0.774827 0.209522
-0.501143 0.315397 6.83426e-06 1.83593e-06 2.77466e-07 0.00285033 0.0146754 0.772296 0.210169
-0.501029 0.31548 3.79945e-06 7.24218e-06 8.98033e-06 0.00449573 0.0152546 0.769508 0.210721
-0.500914 0.315563 1.71528e-06 1.8487e-05 9.0244e-06 0.00648341 0.0157897 0.766522 0.211176
-0.5008 0.315646 6.16362e-06 4.98299e-06 3.24761e-06 0.00879124 0.0162694 0.763396 0.211529
-0.500686 0.315729 7.32308e-06 2.49902e-06 1.37219e-05 0.0113935 0.0166887 0.76012 0.211774
-0.500571 0.315812 2.91749e-06 9.8596e-06 7.54603e-06 0.0142604 0.0170487 0.756766 0.211904
-0.500457 0.315895 6.64501e-07 1.79048e-06 1.21109e-06 0.0173599 0.0173405 0.75338 0.211916
-0.500343 0.315978 6.01507e-08 2.87654e-06 1.82638e-05 0.0206574 0.0175609 0.749949 0.211812
-0.500229 0.316061 6.72681e-07 6.95076e-06 1.5253e-05 0.024116 0.0177112 0.746556 0.211594
-0.500114 0.316145 2.08386e-06 1.38582e-06 1.59323e-06 0.0276974 0.0177846 0.74325 0.211263
-0.5 0.316228 6.87734e-07 8.70103e-06 6.56765e-06 0.0313618 0.017782 0.740023 0.210817
-0.499886 0.316311 4.60937e-07 1.17496e-05 3.50869e-06 0.0350678 0.0177086 0.736948 0.21026
-0.499771 0.316394 3.41095e-06 8.57886e-07 1.99628e-06 0.0387743 0.0175593 0.73406 0.2096
-0.499657 0.316478 4.59514e-06 4.62049e-06 1.58247e-05 0.0424407 0.0173354 0.731353 0.208845
-0.499543 0.316561 5.52268e-06 7.19537e-06 1.11727e-05 0.0460262 0.0170443 0.728902 0.208004
-0.499429 0.316644 6.12543e-06 1.04913e-07 1.23133e-07 0.0494913 0.016685 0.726738 0.207079
-0.499314 0.316727 2.67963e-06 1.2078e-05 5.83181e-06 0.0527979 0.0162619 0.72484 0.20608
-0.4992 0.316811 2.36005e-06 1.93239e-05 3.98557e-06 0.0559084 0.0157845 0.723263 0.205018
-0.499086 0.316894 8.19361e-06 3.57662e-06 2.85772e-06 0.0587888 0.015253 0.722035 0.203908
-0.498971 0.316978 9.76833e-06 3.18702e-06 1.45376e-05 0.0614086 0.0146719 0.721131 0.202761
-0.498857 0.317061 6.50679e-06 1.11603e-05 9.13506e-06 0.0637387 0.014053 0.720596 0.201586
-0.498743 0.317144 5.00477e-06 2.49817e-06 2.45354e-07 0.0657527 0.0134007 0.720447 0.200391
-0.498629 0.317228 2.8421e-06 4.57525e-06 1.2364e-05 0.0674295 0.0127202 0.720639 0.199192
-0.498514 0.317311 9.15038e-07 1.52708e-05 1.3416e-05 0.0687504 0.0120231 0.721196 0.198001
-0.4984 0.317395 3.87862e-06 6.70615e-06 3.33442e-06 0.0697002 0.0113146 0.722137 0.196834
-0.498286 0.317478 6.06055e-06 1.20878e-06 1.0552e-05 0.0702703 0.0105996 0.723413 0.195699
-0.498171 0.317562 3.19926e-06 8.90797e-06 1.12303e-05 0.070455 0.00989061 0.725024 0.194607
-0.498057 0.317646 6.58251e-07 5.03319e-06 2.00436e-07 0.0702513 0.00919506 0.726982 0.193565
-0.497943 0.317729 1.72989e-07 2.29575e-07 1.03083e-05 0.0696615 0.00851716 0.729222 0.192588
-0.497829 0.317813 7.33534e-08 6.53504e-06 2.08868e-05 0.0686933 0.0078668 0.731725 0.191687
-0.497714 0.317896 1.30248e-06 4.93808e-06 7.77172e-06 0.0673574 0.0072514 0.734506 0.190871
-0.4976 0.31798 2.02579e-06 1.98769e-06 2.67692e-06 0.0656683 0.00667446 0.737505 0.190145
-0.497486 0.318064 6.27195e-07 9.80873e-06 8.82554e-06 0.063646 0.00614455 0.740675 0.189515
-0.497371 0.318148 3.32799e-07 8.57962e-06 2.42871e-06 0.0613126 0.00566924 0.744022 0.188985
-0.497257 0.318231 1.45848e-06 2.7094e-07 3.14215e-06 0.058693 0.00525039 0.747489 0.188563
-0.497143 0.318315 1.92839e-06 4.02647e-06 1.76305e-05 0.0558162 0.00489276 0.751013 0.188254
-0.497029 0.318399 3.14256e-06 5.55342e-06 1.42605e-05 0.0527149 0.00460223 0.754599 0.188061
-0.496914 0.318483 3.92393e-06 1.9298e-07 1.07129e-06 0.049423 0.00437979 0.758211 0.187981
-0.4968 0.318566 1.52997e-06 8.48147e-06 3.23148e-06 0.0459763 0.00422766 0.76177 0.188013
-0.496686 0.31865 4.6435e-07 1.6648e-05 4.59312e-06 0.0424133 0.00414998 0.76526 0.188155
-0.496571 0.318734 3.83954e-06 5.89375e-06 1.32882e-07 0.0387726 0.00414581 0.768665 0.188407
-0.496457 0.318818 6.0915e-06 5.78953e-07 9.01446e-06 0.0350937 0.00421331 0.771911 0.188767
-0.496343 0.318902 5.58138e-06 8.27529e-06 1.66921e-05 0.031417 0.00435399 0.77497 0.189229
-0.496229 0.318986 6.17648e-06 4.83411e-06 6.27401e-06 0.0277832 0.00456609 0.777849 0.189785
-0.496114 0.31907 5.57376e-06 7.35042e-07 2.89694e-07 0.0242317 0.00484523 0.78049 0.190426
-0.496 0.319154 1.99988e-06 1.40577e-05 5.63255e-06 0.0208011 0.0051902 0.782842 0.191145
-0.495886 0.319238 2.13898e-06 1.84594e-05 3.16176e-06 0.0175288 0.00559805 0.784916 0.191934
-0.495771 0.319322 7.08619e-06 4.07569e-06 1.56174e-06 0.0144501 0.00606125 0.786692 0.192784
-0.495657 0.319406 8.95725e-06 1.84018e-06 1.23018e-05 0.0115984 0.00657499 0.788118 0.193686
-0.495543 0.31949 7.22753e-06 1.03083e-05 1.40634e-05 0.00900459 0.00713634 0.789199 0.194628
-0.495429 0.319574 6.98192e-06 4.82424e-06 2.67367e-06 0.00669695 0.00773747 0.789954 0.195597
-0.495314 0.319658 5.87211e-06 1.45317e-06 2.02719e-06 0.00470026 0.00837036 0.79034 0.19658
-0.4952 0.319742 2.28698e-06 1.53677e-05 8.13125e-06 0.00303591 0.00903088 0.790341 0.197566
-0.495086 0.319826 2.78487e-06 1.8562e-05 3.6699e-06 0.00172176 0.00971175 0.789996 0.198546
-0.494971 0.319911 8.01252e-06 3.90423e-06 2.55159e-06 0.000771722 0.0104021 0.789304 0.199508
-0.494857 0.319995 9.85967e-06 1.87123e-06 1.30467e-05 0.000195857 0.0110955 0.788242 0.200442
-0.494743 0.320079 7.5709e-06 1.06792e-05 1.32987e-05 1.71494e-07 0.0117877 0.786846 0.201334
-0.494629 0.320163 6.74514e-06 5.79225e-06 2.10975e-06 0.000186505 0.0124689 0.785156 0.202174
-0.494514 0.320247 5.9065e-06 1.02319e-06 2.55759e-06 0.000752518 0.0131299 0.783159 0.202949
-0.4944 0.320332 2.60601e-06 1.36655e-05 9.53669e-06 0.00169179 0.0137668 0.780863 0.203652
-0.494286 0.320416 2.4355e-06 1.93079e-05 5.1632e-06 0.0029938 0.0143732 0.77833 0.204276
-0.494171 0.3205 7.40152e-06 5.78642e-06 2.07966e-06 0.00464423 0.0149386 0.775588 0.204814
-0.494057 0.320585 1.00894e-05 7.54487e-07 1.16608e-05 0.00662511 0.0154571 0.772636 0.205259
-0.493943 0.320669 8.00269e-06 9.74477e-06 1.45464e-05 0.0089148 0.0159273 0.769521 0.205605
-0.493829 0.320754 6.65721e-06 7.96138e-06 3.91358e-06 0.0114881 0.0163428 0.766306 0.205845
-0.493714 0.320838 6.3366e-06 5.28097e-07 1.07772e-06 0.0143171 0.0166963 0.763004 0.205975
-0.4936 0.320922 3.46594e-06 9.67572e-06 8.40719e-06 0.0173712 0.0169861 0.759628 0.205993
-0.493486 0.321007 1.80739e-06 2.02177e-05 7.09758e-06 0.0206171 0.0172116 0.756241 0.205901
-0.493371 0.321091 5.68823e-06 1.05959e-05 1.36784e-06 0.0240195 0.0173672 0.752897 0.205698
-0.493257 0.321176 9.75132e-06 5.93334e-08 7.67008e-06 0.0275422 0.017449 0.749604 0.205387
-0.493143 0.32126 8.84383e-06 6.5355e-06 1.56013e-05 0.0311471 0.0174598 0.746393 0.204969
-0.493029 0.321345 6.96076e-06 1.03696e-05 9.1199e-06 0.0347952 0.0174009 0.743331 0.204447
-0.492914 0.321429 6.93629e-06 2.05185e-06 4.77603e-07 0.038447 0.01727 0.740449 0.203824
-0.4928 0.321514 5.04807e-06 3.84761e-06 3.79154e-06 0.0420637 0.0170677 0.737749 0.203107
-0.492686 0.321599 1.81357e-06 1.76917e-05 7.5099e-06 0.0456062 0.0167996 0.735265 0.202302
-0.492571 0.321683 3.02482e-06 1.7353e-05 2.53403e-06 0.0490362 0.0164688 0.733054 0.201418
-0.492457 0.321768 7.53784e-06 3.4278e-06 2.03253e-06 0.0523173 0.0160752 0.731129 0.200466
-0.492343 0.321853 8.73861e-06 1.52284e-06 1.17152e-05 0.0554145 0.015623 0.729487 0.199453
-0.492229 0.321937 6.91299e-06 9.32774e-06 1.55882e-05 0.0582951 0.0151201 0.728163 0.19839
-0.492114 0.322022 6.53986e-06 6.30588e-06 6.78116e-06 0.060928 0.0145721 0.727194 0.197286
-0.492 0.322107 6.13575e-06 9.74756e-08 1.21579e-07 0.0632851 0.0139818 0.726576 0.196151
-0.491886 0.322192 2.97079e-06 8.31519e-06 3.35831e-06 0.0653418 0.0133563 0.726292 0.194995
-0.491771 0.322276 7.35429e-07 1.84164e-05 5.29767e-06 0.0670762 0.0127047 0.726363 0.193832
-0.491657 0.322361 2.68117e-06 1.19295e-05 9.82382e-07 0.0684696 0.0120337 0.726809 0.192672
-0.491543 0.322446 5.09789e-06 9.19385e-07 2.37248e-06 0.0695069 0.0113475 0.727609 0.191528
-0.491429 0.322531 4.60569e-06 2.59257e-06 1.31443e-05 0.0701785 0.0106535 0.728735 0.190412
-0.491314 0.322616 3.70156e-06 7.42372e-06 1.78356e-05 0.0704775 0.00996167 0.730198 0.189334
-0.4912 0.322701 4.04406e-06 3.51927e-06 8.82989e-06 0.0704002 0.00927895 0.732001 0.188304
-0.491086 0.322786 3.35239e-06 4.50593e-07 5.56829e-07 0.0699478 0.00861041 0.734107 0.187331
-0.490971 0.322871 1.19203e-06 6.89805e-06 3.75854e-06 0.0691264 0.00796345 0.736475 0.186423
-0.490857 0.322956 4.64296e-08 1.27017e-05 7.33308e-06 0.0679447 0.00734705 0.739098 0.18559
-0.490743 0.323041 3.70071e-07 8.4302e-06 2.30203e-06 0.0664143 0.00676757 0.741968 0.184839
-0.490629 0.323126 5.26549e-07 1.20556e-06 1.14544e-06 0.0645525 0.00622896 0.745037 0.184179
-0.490514 0.323211 2.4233e-07 9.23535e-07 1.27091e-05 0.0623799 0.00573677 0.748255 0.183615
-0.4904 0.323296 2.0223e-07 5.69931e-06 2.10355e-05 0.0599194 0.00529781 0.751604 0.183152
-0.490286 0.323381 7.02344e-07 7.21402e-06 1.28947e-05 0.0571969 0.0049167 0.755071 0.182795
-0.490171 0.323466 2.15539e-06 3.45182e-06 3.07249e-06 0.0542421 0.00459572 0.758608 0.182545
-0.490057 0.323551 3.99118e-06 1.51189e-06 7.22537e-06 0.051087 0.00433804 0.762158 0.182404
-0.489943 0.323636 4.19343e-06 6.08299e-06 1.35189e-05 0.0477642 0.0041479 0.765693 0.182371
-0.489829 0.323721 2.79546e-06 9.65936e-06 7.37594e-06 0.04431 0.00402753 0.769197 0.182446
-0.489714 0.323807 2.35836e-06 4.74305e-06 4.68067e-08 0.0407607 0.00397666 0.77263 0.182626
-0.4896 0.323892 2.90582e-06 3.83113e-07 5.9882e-06 0.0371538 0.00399526 0.775932 0.182909
-0.489486 0.323977 2.08904e-06 8.05032e-06 1.47622e-05 0.0335275 0.00408425 0.779071 0.183292
-0.489371 0.324062 1.37676e-06 1.76701e-05 1.11507e-05 0.0299206 0.00424306 0.782036 0.18377
-0.489257 0.324148 4.37046e-06 1.28558e-05 2.84987e-06 0.0263711 0.00446864 0.784804 0.184336
-0.489143 0.324233 8.954e-06 1.58045e-06 4.90609e-06 0.0229157 0.00475775 0.787327 0.184984
-0.489029 0.324318 9.84125e-06 2.25799e-06 1.35257e-05 0.0195917 0.00510827 0.789568 0.185706
-0.488914 0.324404 7.69305e-06 9.89794e-06 1.47829e-05 0.0164341 0.00551749 0.791524 0.186492
-0.4888 0.324489 6.80695e-06 7.7346e-06 7.08196e-06 0.0134758 0.00598026 0.79319 0.187332
-0.488686 0.324574 6.55931e-06 5.15452e-07 5.86475e-07 0.0107477 0.00649037 0.794537 0.188218
-0.488571 0.32466 3.95477e-06 4.15925e-06 1.40649e-06 0.00827867 0.00704286 0.795532 0.189137
-0.488457 0.324745 8.28913e-07 1.44571e-05 5.07285e-06 0.00609458 0.00763332 0.796173 0.190079
-0.488343 0.324831 5.09488e-07 1.5189e-05 4.25115e-06 0.00421787 0.00825546 0.796472 0.191035
-0.488229 0.324916 1.62668e-06 6.27186e-06 3.29908e-07 0.00266823 0.00890095 0.796431 0.191992
-0.488114 0.325002 1.45403e-06 2.46611e-07 3.08978e-06 0.00146171 0.00956235 0.796031 0.19294
-0.488 0.325087 5.73879e-07 1.66623e-06 1.44522e-05 0.000610697 0.0102341 0.795269 0.193869
-0.487886 0.325173 2.90257e-07 5.81431e-06 2.09837e-05 0.000123905 0.0109103 0.794171 0.194768
-0.487771 0.325258 5.9899e-07 7.66588e-06 1.35173e-05 6.19521e-06 0.0115827 0.792763 0.195626
-0.487657 0.325344 2.14476e-06 4.90211e-06 3.80318e-06 0.000258484 0.0122428 0.791054 0.196434
-0.487543 0.32543 5.01256e-06 1.00211e-06 6.17204e-06 0.000877913 0.012884 0.789044 0.197181
-0.487429 0.325515 6.64469e-06 3.25717e-06 1.40213e-05 0.00185767 0.0135015 0.786757 0.19786
-0.487314 0.325601 5.78897e-06 9.68084e-06 1.2464e-05 0.00318711 0.0140893 0.784234 0.198462
-0.4872 0.325687 5.16727e-06 9.01268e-06 3.55003e-06 0.00485204 0.01464 0.78151 0.19898
-0.487086 0.325772 5.96372e-06 1.81089e-06 2.51259e-07 0.00683492 0.0151465 0.778603 0.199407
-0.486971 0.325858 5.22785e-06 2.91684e-06 4.438e-06 0.00911468 0.0156041 0.775529 0.199739
-0.486857 0.325944 2.4058e-06 1.45056e-05 7.26935e-06 0.0116672 0.0160098 0.772327 0.199971
-0.486743 0.32603 1.43194e-06 1.97305e-05 4.57865e-06 0.0144656 0.0163598 0.769048 0.200101
-0.486629 0.326115 3.38117e-06 1.10371e-05 6.14482e-07 0.0174805 0.0166487 0.765731 0.200125
-0.486514 0.326201 4.45214e-06 1.34917e-06 1.61084e-06 0.0206803 0.0168721 0.762398 0.200042
-0.4864 0.326287 2.98286e-06 8.36685e-07 9.82136e-06 0.0240316 0.0170286 0.759072 0.199854
-0.486286 0.326373 1.38348e-06 4.5707e-06 1.90044e-05 0.0274993 0.0171185 0.755797 0.19956
-0.486171 0.326459 9.24475e-07 6.34679e-06 1.86133e-05 0.031047 0.017141 0.752623 0.199163
-0.486057 0.326545 1.13801e-06 5.74017e-06 8.74161e-06 0.0346376 0.0170944 0.749586 0.198666
-0.485943 0.326631 2.7295e-06 2.98768e-06 2.94575e-06 0.0382338 0.0169782 0.746705 0.198074
-0.485829 0.326717 5.53611e-06 8.74396e-07 8.45198e-06 0.0417984 0.0167943 0.744001 0.197392
-0.485714 0.326803 6.8835e-06 4.58603e-06 1.48981e-05 0.045294 0.0165464 0.741507 0.196626
-0.4856 0.326889 6.1285e-06 1.04789e-05 1.16402e-05 0.0486843 0.0162375 0.739266 0.195784
-0.485486 0.326975 6.00738e-06 8.47448e-06 3.49635e-06 0.0519342 0.0158698 0.737305 0.194873
-0.485371 0.327061 6.75481e-06 1.39356e-06 2.02619e-07 0.0550101 0.0154456 0.735634 0.193902
-0.485257 0.327147 5.34422e-06 2.83857e-06 2.25689e-06 0.0578807 0.0149695 0.73426 0.19288
-0.485143 0.327233 2.03506e-06 1.28884e-05 4.82601e-06 0.060516 0.0144479 0.7332 0.191816
-0.485029 0.327319 4.4946e-07 1.73141e-05 5.06528e-06 0.0628889 0.0138868 0.732481 0.190721
-0.484914 0.327405 9.88672e-07 1.11812e-05 2.35431e-06 0.0649749 0.0132913 0.732115 0.189604
-0.4848 0.327491 9.7478e-07 3.34951e-06 3.35881e-08 0.0667526 0.0126665 0.7321 0.188476
-0.484686 0.327578 1.78044e-07 8.72747e-08 4.62545e-06 0.0682035 0.0120183 0.732425 0.187349
-0.484571 0.327664 6.90548e-08 1.53604e-06 1.5069e-05 0.0693136 0.0113543 0.733084 0.186232
-0.484457 0.32775 2.68579e-07 7.77507e-06 1.97775e-05 0.0700713 0.0106825 0.734081 0.185137
-0.484343 0.327836 7.94651e-07 1.43571e-05 1.28595e-05 0.0704685 0.0100097 0.735419 0.184075
-0.484229 0.327923 3.62929e-06 1.23894e-05 3.85952e-06 0.0705019 0.00934205 0.737081 0.183055
-0.484114 0.328009 8.05889e-06 3.47196e-06 3.43663e-06 0.0701717 0.00868531 0.739041 0.182087
-0.484 0.328095 9.82518e-06 2.36493e-07 9.7678e-06 0.0694818 0.00804645 0.741271 0.181181
-0.483886 0.328182 7.75366e-06 5.53883e-06 1.53285e-05 0.068439 0.00743289 0.743756 0.180343
-0.483771 0.328268 5.23503e-06 8.61212e-06 1.63122e-05 0.0670549 0.00685132 0.746482 0.179582
-0.483657 0.328354 3.99326e-06 5.01811e-06 1.18355e-05 0.0653439 0.00630721 0.749426 0.178903
-0.483543 0.328441 2.79299e-06 1.60565e-06 4.4682e-06 0.0633229 0.00580532 0.752551 0.178312
-0.483429 0.328527 2.08857e-06 1.53796e-06 1.88075e-06 0.0610135 0.00535041 0.755817 0.177814
-0.483314 0.328614 3.33319e-06 2.33681e-06 7.73874e-06 0.0584401 0.00494752 0.759185 0.177414
-0.4832 0.3287 5.04274e-06 5.10549e-06 1.39915e-05 0.0556293 0.00460142 0.76263 0.177115
-0.483086 0.328787 5.3555e-06 9.82573e-06 1.19142e-05 0.0526095 0.00431579 0.766129 0.176919
-0.482971 0.328873 5.63762e-06 9.60871e-06 4.76072e-06 0.0494126 0.0040929 0.769646 0.176828
-0.482857 0.32896 6.7449e-06 3.10464e-06 5.61428e-07 0.0460717 0.00393428 0.773142 0.176842
-0.482743 0.329046 6.18257e-06 6.49758e-07 5.87271e-07 0.0426206 0.00384136 0.776572 0.176958
-0.482629 0.329133 3.0377e-06 7.12023e-06 2.50072e-06 0.039095 0.00381542 0.779902 0.177175
-0.482514 0.32922 4.21523e-07 1.33302e-05 5.52428e-06 0.0355314 0.00385707 0.783103 0.177489
-0.4824 0.329306 5.54531e-08 1.24001e-05 6.98776e-06 0.031966 0.00396576 0.786155 0.177894
-0.482286 0.329393 2.43864e-07 8.32553e-06 3.8198e-06 0.0284346 0.00413984 0.789027 0.178386
-0.482171 0.32948 5.31447e-07 4.48439e-06 1.11815e-07 0.0249742 0.0043769 0.791684 0.17896
-0.482057 0.329566 2.10064e-06 7.9942e-07 2.56979e-06 0.0216201 0.00467445 0.794092 0.179608
-0.481943 0.329653 3.57409e-06 2.1303e-06 8.64037e-06 0.0184063 0.00502994 0.796225 0.180325
-0.481829 0.32974 2.85943e-06 1.15846e-05 1.03371e-05 0.0153657 0.00544016 0.798069 0.181101
-0.481714 0.329827 1.55405e-06 1.98032e-05 6.71685e-06 0.0125294 0.00590079 0.799614 0.181928
-0.4816 0.329913 1.93696e-06 1.68026e-05 2.62157e-06 0.009926 0.00640653 0.800851 0.182795
-0.481486 0.33 2.48449e-06 7.30005e-06 3.027e-07 0.0075813 0.00695163 0.801764 0.183693
-0.481371 0.330087 1.29233e-06 1.31067e-06 9.01356e-07 0.00551949 0.00753019 0.802337 0.18461
-0.481257 0.330174 5.99784e-08 1.0285e-08 6.91132e-06 0.00376136 0.00813664 0.802559 0.185536
-0.481143 0.330261 3.86884e-07 2.07097e-06 1.5435e-05 0.00232452 0.00876547 0.80243 0.186463
-0.481029 0.330348 9.5167e-07 9.45686e-06 1.76288e-05 0.00122343 0.00941059 0.801959 0.187379
-0.480914 0.330435 1.39545e-06 1.78259e-05 1.10165e-05 0.000469054 0.0100652 0.80116 0.188275
-0.4808 0.330522 3.34882e-06 1.70845e-05 3.24302e-06 6.86877e-05 0.010722 0.800043 0.189142
-0.480686 0.330609 5.75047e-06 7.70785e-06 5.49599e-07 2.6065e-05 0.011374 0.798616 0.18997
-0.480571 0.330696 5.32296e-06 7.61591e-07 2.56535e-06 0.000341401 0.0120144 0.796887 0.190749
-0.480457 0.330783 2.38693e-06 4.33867e-07 8.44236e-06 0.00101121 0.012637 0.794873 0.191467
-0.480343 0.33087 3.22943e-07 2.43849e-06 1.66805e-05 0.00202849 0.0132362 0.792597 0.192119
-0.480229 0.330957 3.10397e-08 6.39602e-06 2.06017e-05 0.00338264 0.0138061 0.790089 0.192696
-0.480114 0.331044 5.09303e-07 1.31254e-05 1.52355e-05 0.00505949 0.0143407 0.787379 0.193192
